0,0,0.0733583826513495,1.90831607507425,0.592670403115335,0.65371213198523,0.00423056585714221,0,0,0,0,0,0.102408673614264,0.000326317502185702,0,0.00109369307756424,0.000350385409547016,0.0290213038679212,0.000369754125131294,0.00322291851625778,0.0254577158484608,0.0541673954285216,0,0,0,0,0,0,0,0,0.00287035549990833,0,0,0,0,0,0,0,0,0,0.000351370341377333,0,0,0,0,0,0,0,0,0,0,0,0,0,0,0,0,0,0,0,0,0,0,0,0,0,0,0,0,0,0,0,0.00029269719379954,0,0,0,0,0,0,0,0,0,0,0,0,0,0,0,0,0,0,0,0,0,0,0,0,0,0,0,0,0,0.000366972468327731,0,0,0,0.00035205070162192,0,0,0,0,0,0,0,0,0,0,0,0,0,0.145558326272294,0,0.00033755274489522,0.000347222230629995,0.000904431712115183,0.00520110974321142,0.0033500837162137,0.00196110480464995,0.00529594998806715,0.000310896924929693,0.000805882969871163,0.000811029982287437,0.00253048074955586,0.0014823965029791,0.00048181161400862,0.015918958815746,0,0.0382349079591222,0.000323206215398386,0,0.000368053006241098,0.0140770722646266,0.00197238667169586,0,0,0.00072033132892102,0,0,0,0,0,0.0018271514272783,0.17283950644196,0.0313739631674252,0.0067176710581407,0.016874541703146,0.0046932619297877,0.00262319663306698,0.00103986135218292,0.213077796710422,0,0,0.00334549875697121,0,0,0,0.0010325244802516,0,0,0,0,0,0,0.000361859973054379,0,0.00749063692637719,0,0.00109910237370059,0,0,0.00783929426688701,0,0,0,0,0,0,0,0,0,0,0,0,0,0,0,0,0,0,0,0,0,0,0,0,0,0,0,0,0,0,0,0,0,0,0,0,0,0,0,0,0,0,0,0,0,0,0,0,0,0,0,0,0,0,0,0,0,0,0,0,0,0,0,0,0,0,0,0,0,0,0,0,0,0,0,0,0,0,0,0,0,0,0,0,0,0,0,0,0,0,0,0,0,0,0,0,0,0,0,0,0,0,0,0,0,0,0,0,0,0,0,0,0,0,0,0,0,0,0,0,0,0,0,0,0,0,0,0,0,0,0,0,0,0,0,0,0,0,0,0,0,0,0,0,0,0,0,0,0,0,0,0,0,0,0,0,0,0,0,0,0,0,0,0,0,0,0,0,0,0,0,0,0,0,0,0,0,0,0,0,0,0.000236854568356648,0.000206249358598143,0,0.0126379136490868,0,0,0,0,0,0,0,0,0,0,0,0,0
0,0,0,0,0.000517196778673679,0.00217312574386597,0,0.00119071247172542,0,0.00750187551602721,0,0.00814663921482861,0,0.00280112051405013,0.0010660981060937,0,0,0,0,0.0407239836640656,0,0,0.585526320151985,0,0,0,0,0,0.00200200197286904,0.00132978719193488,0.00127388536930084,0,0,0,0,0,0,0,0,0,0.00201816344633698,0,0,0.00101626012474298,0,0.00182982615660876,0,0,0,0.00434310548007488,0,0,0.00929614901542664,0,0,0,0,0,0,0.00179051025770605,0,0,0,0,0,0,0.00169348006602377,0.000869943469297141,0,0,0.00179051025770605,0,0.0178236397914588,0.000975609757006168,0.000977517105638981,0,0,0.00478755217045546,0.00657894741743803,0.00247831479646266,0.00152091251220554,0,0.0022038568276912,0,0,0,0,0,0,0,0,0,0,0,0.00232288031838834,0.00130590924527496,0.0024125452619046,0.00186046515591443,0.00187793432269245,0,0.00757575780153275,0,0,0.00392541708424687,0,0,0,0,0,0,0,0,0,0,0,0.00532859691884369,0.00493827159516513,0,0,0,0.0154696125537157,0,0,0.00188857410103083,0,0,0,0,0.00465386873111129,0.00577367201913148,0,0.00148312945384532,0.00300525908824056,0.00353565125260502,0,0.00543232227209955,0.0367213115096092,0.305858306353912,0.0349697365891188,0.589887646492571,0.862210100516677,0.00610997993499041,0.0882140286266804,0.00249376567080617,0.0011104941368103,0.00704225362278521,0,0.000556483049876988,0.0136589403846301,0.360390996560454,0.0104566049412824,0,0,0,0,0.226364837726578,1.13517784420401,0.0440251557156444,0.071094480343163,0,0,0,0,0,0,0,0,0.00465657748281956,0,0,0,0,0,0,0,0.00972222245763987,0,0,0,0,0,0,0,0,0,0,0,0,0,0,0,0,0,0,0,0,0,0,0,0,0,0,0,0,0,0,0,0,0,0,0,0,0,0,0,0,0,0,0,0,0,0,0,0,0,0,0,0,0,0.00139567337464541,0,0,0,0,0,0,0,0,0,0,0,0,0,0,0,0,0,0,0,0,0,0,0,0,0,0,0,0,0,0,0,0,0,0,0,0,0,0,0,0,0,0,0,0,0,0,0,0,0,0,0,0,0,0,0,0,0,0,0,0,0,0,0,0,0,0,0,0,0,0,0,0,0,0,0,0,0,0,0,0,0,0,0,0,0,0,0,0,0,0,0,0,0,0,0,0,0,0,0,0,0,0,0,0,0,0,0,0,0,0,0,0,0,0,0,0,0,0,0,0,0,0,0,0,0,0,0,0,0,0,0,0.000832986290333793,0.00267165363766253,0.00120096074533649,0.00167224078904837,0.00379578676074743,0,0,0,0,0.000275065336609259,0,0,0,0,0,0,0,0
0.0733583826513495,0,0,0.13270699037821,0.126694604754448,0.00203320907894522,0,0,0,0,0,0,0.255972688319162,0.00370828178711236,0.00774443382397294,0.469743572408333,0.0401002513244748,0.00101677677594125,0.0824053476098925,0.00931098707951605,0.00163398694712669,0,0,0,0,0,0,0,0,0,0.00454545440152287,0,0.0015898251440376,0,0,0,0,0,0,0,0,0,0,0,0,0,0,0,0,0.0126012604450807,0,0,0,0,0,0,0,0,0,0,0,0,0,0,0,0,0,0,0,0,0,0,0,0,0,0,0,0,0,0,0,0,0,0,0,0,0,0,0,0,0,0,0,0,0,0,0,0,0,0,0,0,0,0,0,0,0,0,0,0,0,0,0,0,0,0,0,0,0,0,0.1114155233372,0,0,0,0,0,0,0,0.00314300693571568,0.00104058277793229,0,0.000692760630045086,0,0.000558035739231855,0,0.00166736135724932,0,0.00319897633744404,0,0,0,0.15870306675788,0.020343292504549,0,0,0.0249520146753639,0,0,0,0,0,0.569646573625505,0,0,0,0.00212539848871529,0.00962199294008315,0.0871670739725232,0.00476568716112524,0,0,0,0,0,0,0,0.00153846153989434,0,0,0,0,0,0,0,0,0.00368098157923669,0,0,0,0,0,0,0,0,0,0,0,0,0,0,0,0,0,0,0,0,0,0,0,0,0,0,0,0,0,0,0,0,0,0,0,0,0,0,0,0,0,0,0,0,0,0,0,0,0,0,0,0,0,0,0,0,0,0,0,0,0,0,0,0,0,0,0,0,0,0,0,0,0,0,0,0,0,0,0,0,0,0,0,0,0,0,0,0,0,0,0,0,0,0,0,0,0,0,0,0,0,0,0,0,0,0,0,0,0,0,0,0,0,0,0,0,0,0,0,0,0,0,0,0,0,0,0,0,0,0,0,0,0,0,0,0,0,0,0,0,0,0,0,0,0,0,0,0,0,0,0,0,0,0,0,0,0,0,0,0,0,0,0,0,0,0,0,0,0,0,0,0,0,0,0,0,0,0,0,0,0,0,0,0,0,0.000270526186795905,0,0,0,0.00403004203690216,0,0,0,0,0,0,0,0,0,0,0,0,0
1.90831607507425,0,0.13270699037821,0,1.01879322784953,0.146949297079118,0.00231080304365605,0,0,0,0,0,0.122300915129017,0,0.00032803017529659,0.00239712337497622,0.000765110948123038,0.0100033343187533,0.000811523641459644,0.0066601371509023,0.0270218841615133,0.0446309364633635,0,0,0,0,0,0,0,0,0.00103609045618214,0,0,0,0,0,0,0,0,0,0,0,0,0,0,0,0,0.000356506236130372,0,0,0,0,0,0,0,0,0,0,0,0,0,0,0,0,0,0,0,0,0,0,0,0,0,0,0,0,0,0,0,0,0,0,0,0,0,0,0,0,0,0,0,0,0,0,0,0.000274574413197115,0,0,0,0,0,0,0,0.00038167939055711,0,0,0.000384541432140395,0,0,0,0,0,0,0,0,0,0,0,0.000376647833036259,0,0.0499414764344692,0,0.000734618923161179,0,0.000649983761832118,0.088124051282648,0.00145719491411,0,0.00202020193682984,0.000335965072736144,0.000211707418202423,0.000867302675032988,0.00121743367344607,0.000525279028806835,0,0.00248833582736552,0,0.0111778674181551,0,0,0,0.0073034786619246,0.00285510346293449,0,0,0.00039424403803423,0,0,0.000220921239815652,0,0,0.00400560791604221,0.113133687962545,0.00276352142100222,0.00286944041727111,0.012067578791175,0.0054684653878212,0.00617665238678455,0.000378071825252846,0.0392399824340828,0,0,0,0,0,0,0.000750328239519149,0,0,0,0,0,0,0,0,0.00388623931212351,0.00030450671329163,0.000803374161478132,0,0,0.00185089971637353,0,0,0,0,0,0,0,0,0,0,0,0,0,0,0,0,0,0,0,0,0,0,0,0,0,0,0,0,0,0,0,0,0,0,0,0,0,0,0,0,0,0,0,0,0,0,0,0,0,0,0,0,0,0,0,0,0,0,0,0,0,0,0,0,0,0,0,0,0,0,0,0,0,0,0,0,0,0,0,0,0,0,0,0,0,0,0,0,0,0,0,0,0,0,0,0,0,0,0,0,0,0,0,0,0,0,0,0,0,0,0,0,0,0,0,0,0,0,0,0,0,0,0,0,0,0,0,0,0,0,0,0,0,0,0,0,0,0,0,0,0,0,0,0,0,0,0,0,0,0,0,0,0,0,0,0,0,0,0,0,0,0,0,0,0,0,0,0,0,0,0,0,0,0,0,0,0,0,0,0,0,0,0,0,0.00864067439397331,0,0,0,0,0,0,0,0,0.000211864404263906,0,0,0,0
0.592670403115335,0.000517196778673679,0.126694604754448,1.01879322784953,0,0.640134926943574,0.082588746707188,0,0,0,0,0,0.521427080675494,0,0.000396432122215629,0.000505816889926791,0,0.0153659522766247,0.000515862775500864,0.0148038484621793,0.0785153484321199,0.0954426126554608,0,0,0,0,0,0,0,0,0.00168811983894557,0,0,0,0,0,0,0,0,0,0,0,0,0,0,0,0,0,0,0,0,0,0,0,0,0,0,0,0,0,0,0,0,0,0,0,0,0,0,0,0,0,0,0,0,0,0,0,0,0,0,0,0,0,0,0,0,0,0,0,0,0,0,0,0,0,0,0,0,0,0,0,0,0.000955109833739698,0,0,0,0,0,0,0,0.000473709136713296,0,0,0,0,0,0,0,0,0.0353460959158838,0,0.001365809206618,0,0,0,0.00901306921150535,0.00261608889559284,0.00286415716982447,0.00326463975943625,0.000714711131877266,0.00306853040819988,0.00251326442230493,0.00426634179893881,0.000295420963084325,0.0145035328168888,0,0.0124488129513338,0.000429553270805627,0,0.000512557686306536,0.00626355098211206,0.000878734630532563,0,0,0.000497388711664826,0,0,0,0,0,0.00101497082505375,0.0108454525470734,0.00149476836668327,0.0188136929646134,0.0280612232745625,0.00225529991439544,0.0110381082049571,0.00283152423799038,0.0184696569340304,0,0,0.00198255351278931,0,0,0,0.00140219679451548,0,0,0,0,0.000324044056469575,0,0,0,0.0117162072274368,0,0,0,0,0.000230600708164275,0,0,0,0,0,0,0,0,0,0,0,0,0,0,0,0,0,0,0,0,0,0,0,0,0,0,0,0,0,0,0,0,0,0,0,0,0,0,0,0,0,0,0,0,0,0,0,0,0,0,0,0,0,0,0,0,0,0,0,0,0,0,0,0,0,0,0,0,0,0,0,0,0,0,0,0,0,0,0,0,0,0,0,0,0,0,0,0,0,0,0,0,0,0,0,0,0,0,0,0,0,0,0,0,0,0,0,0,0,0,0,0,0,0,0,0,0,0,0,0.000501882052049041,0,0,0,0,0,0,0,0,0,0,0,0,0,0,0,0,0,0,0,0,0,0,0,0,0,0,0,0,0,0,0,0,0,0,0,0,0,0,0,0,0,0,0,0,0,0,0,0,0,0,0,0,0,0,0,0,0,0,0,0,0,0,0.000244947936153039,0,0.0137473335489631,0,0,0,0,0,0,0,0,0.000238435866776854,0,0,0,0
0.65371213198523,0.00217312574386597,0.00203320907894522,0.146949297079118,0.640134926943574,0,0.365733118378557,0,0,0,0,0,0.218672546441667,0.000572901742998511,0.00050774309784174,0.0112359551712871,0.00130293157417327,0.0723958371090703,0.0404186206869781,0.242958945920691,0.577978678338695,0.245705033943523,0,0,0,0,0,0,0,0,0.00165152759291232,0,0,0,0,0,0,0,0,0,0.000654878851491958,0,0,0,0,0,0,0,0,0.00134048261679709,0,0,0,0,0,0,0,0,0,0,0,0,0,0,0,0,0,0,0,0,0,0,0,0,0,0,0,0,0,0,0,0,0,0,0,0.000373622257029638,0,0,0,0,0,0,0,0,0,0,0,0,0,0,0,0,0,0,0,0.00169923529028893,0,0,0,0,0,0,0,0,0,0,0,0,0,0,0.102425873745233,0,0.00365074526052922,0,0,0,0.0294117637677118,0.00517092808149755,0.00317292439285666,0.00316205550916493,0.00192070237244479,0.00420168071286753,0.00462351401802152,0.00586402788758278,0.00176553672645241,0.0529026222648099,0,0.0224044814240187,0.000563380308449268,0,0.00143061520066112,0.0177339896326885,0.00812536280136555,0,0,0.00137221266049892,0,0,0.000290065276203677,0,0,0,0.00745509995613247,0.0447042644373141,0.0610069815302268,0.184079606318846,0.0210336546297185,0.25046313367784,0.0204342268407345,0.231743668031413,0,0,0.00711020838934928,0,0,0,0.00252127321437001,0,0,0,0,0.000394788774428889,0,0,0,0.0171281764050946,0.000907029490917921,0.00425381062086672,0,0,0,0,0,0,0,0,0,0,0,0,0,0,0,0,0,0,0,0,0,0,0,0,0,0,0,0,0,0,0,0,0,0,0,0,0,0,0,0,0,0,0,0,0,0,0,0,0,0,0,0,0,0,0,0,0,0,0,0,0,0,0,0,0,0,0,0,0,0,0,0,0,0,0,0,0,0,0,0,0,0,0,0,0,0,0,0,0,0,0,0,0,0,0,0,0,0,0,0,0,0,0,0,0,0,0,0,0,0,0,0,0,0,0,0,0,0,0,0,0,0,0,0,0,0,0,0,0,0,0,0,0,0,0,0,0,0,0,0,0,0,0,0,0,0,0,0,0,0,0,0,0,0,0,0,0,0,0,0,0,0,0,0,0,0,0,0,0,0,0,0,0,0,0,0,0,0,0,0,0,0,0,0,0,0.00028332625515759,0,0.0321876710513607,0.000472925050416961,0,0,0,0,0,0,0,0,0,0,0,0
0.00423056585714221,0,0,0.00231080304365605,0.082588746707188,0.365733118378557,0,0,0,0,0,0,0,0,0,0,0,0.281813750276342,0,0,0.00152905203867704,0.00925925932824612,0,0,0,0,0.00102827767841518,0,0,0,0,0,0,0,0,0,0,0,0,0,0,0,0,0,0,0,0,0,0,0,0,0,0,0,0,0,0,0,0,0,0,0,0,0,0,0,0,0,0,0,0,0,0,0,0,0,0,0,0,0,0,0,0,0,0,0,0,0,0,0,0,0,0,0,0,0,0,0,0,0,0,0,0,0,0,0,0,0,0,0,0.00142045458778739,0,0,0,0,0,0,0,0,0,0,0,0.00400534062646329,0,0,0,0.0544394014868885,0,0,0.0019940179772675,0.00145454541780055,0.00269269617274404,0.00187485350761563,0.00490730622550473,0.000516129017341882,0.11921063484624,0,0.00809968821704388,0.00227143662050366,0,0,0,0,0,0,0,0,0,0,0,0,0,0,0.046470063040033,0.0128755364567041,0.00195121951401234,0.0025990903377533,0,0,0.0491620097309351,0,0,0.259655649424531,0,0,0,0.00578034669160843,0,0,0,0,0.00122062861919403,0,0,0,0.012835472705774,0.00076306750997901,0.00581395346671343,0,0,0,0,0,0,0,0,0,0,0,0,0,0,0,0,0,0,0,0,0,0,0,0,0,0,0,0,0,0,0,0,0,0,0,0,0,0,0,0,0,0,0,0,0,0,0,0,0,0,0,0,0,0,0,0,0,0,0,0,0,0,0,0,0,0,0,0,0,0,0,0,0,0,0,0,0,0,0,0,0,0,0,0,0,0,0,0,0,0,0,0,0,0,0,0,0,0,0,0,0,0,0,0,0,0,0,0,0,0,0,0,0,0,0,0,0,0,0,0,0,0,0,0,0,0,0,0,0,0,0,0,0,0,0,0,0,0,0,0,0,0,0,0,0,0,0,0,0,0,0,0,0,0,0,0,0,0,0,0,0,0,0,0,0,0,0,0,0,0,0,0,0,0,0,0,0,0,0,0,0,0,0,0,0,0,0,0.0111852785339579,0,0,0,0,0,0,0,0,0,0,0,0,0
0,0.00119071247172542,0,0,0,0,0,0,0.0442761455196887,0.359182233427418,0.0218366149347275,0.0429996543971356,0,0.00589356885757297,0.000321698578773066,0,0.00037397159030661,0,0,0,0,0,0,0,0,0.00125352549366653,0.000665335974190384,0,0,0,0,0,0,0,0,0.190654901438393,0.221403579111211,0.00196721311658621,0.00529287237441167,0.234651671518805,0.0142535634804517,0.0158494301140308,0.016390954144299,0.00602314152638428,0.00541746331145987,0.00552079509361647,0.0051629557274282,0.000698080286383629,0.00548345808056183,0.00152033451013267,0.023972601746209,0.11830710893264,0.327689406345598,0.128744005953195,0.199609195813537,0.0781334778293967,0,0,0,0.00293147680349648,0,0,0.000638467667158693,0,0,0,0.0071609728038311,0.00451807238277979,0.000275178870651871,0.00131126039195806,0.000304182496620342,0,0.0364591387333348,0.00281646064831875,0.00125254422891885,0,0,0.142381898476742,0.0388698951574042,0.108780111186206,0.0134370582527481,0.00162839933182113,0.00324886292219162,0.00229588174261153,0.00125628139358014,0.000262088840827346,0,0,0,0,0,0,0,0,0.00192233754205517,0.22393301394186,0.011001833336195,0.00258493347791955,0.136884943640325,0.0305767906829715,0.0259403375093825,0.0307219661772251,0,0.00261194031918421,0.000727272708900273,0,0,0.0034013605909422,0.000346500339219347,0,0,0,0.000384245911845937,0.00632661115378141,0.0063391444273293,0.0130441380606499,0.014451774477493,0,0,0,0.00114372858661227,0,0,0,0,0,0,0.000347282504662871,0,0.000329326518112794,0,0.000284171634120867,0,0,0,0.00152671753312461,0.000541198765859008,0.00247354677412659,0,0.000346921064192429,0.00394166330806911,0,0.000698812014888972,0.00201850302983075,0.000325626839185134,0.00154053536243737,0.00138312589842826,0.000252047902904451,0.00436062342487276,0.00687182578258216,0.00388349511194974,0,0,0,0,0,0.000356760603608564,0,0,0,0,0,0,0,0,0,0,0.00961538462433964,0,0.000326370762195438,0.00068941741483286,0.000272331148153171,0,0,0,0.000345960899721831,0,0,0,0,0,0,0,0,0,0,0,0,0,0,0,0,0,0,0,0,0,0,0,0,0,0,0,0,0,0,0,0,0,0,0,0,0,0,0,0,0,0,0,0,0.000372578244423494,0,0,0,0,0,0,0,0,0,0,0,0,0,0,0,0,0,0,0,0,0,0,0,0,0,0,0,0.000247157673584297,0,0,0,0,0,0,0,0,0,0,0,0,0,0,0,0,0,0,0,0,0,0,0,0,0,0,0,0,0,0,0,0,0,0,0,0,0,0,0,0,0,0,0,0,0,0,0,0,0,0,0,0,0,0,0,0,0,0,0,0,0,0,0,0,0,0,0,0,0,0,0,0,0,0,0,0,0,0,0,0,0,0,0,0,0,0,0,0,0,0,0,0,0,0,0,0,0,0,0,0,0,0,0,0,0,0,0,0,0,0,0,0.00097347281553084,0.117636865164968,0.312716459389776,0.0766841578588355,0.0401009945198894,0.0291363161522895,0.00583986478159204,0,0.0478531614207895,0.000170753355632769,0.00172235624631867,0,0,0,0,0,0,0,0.0164434102771338
0,0,0,0,0,0,0,0.0442761455196887,0,0.0050632911734283,0,0.000606060610152781,0,0,0,0,0,0,0,0,0,0,0,0,0,0,0,0,0,0,0,0,0,0,0,0.0596802835352719,0.0562607190804556,0,0.00760938506573439,0,0,0,0,0,0,0,0,0,0,0,0.0744387558661401,0.103078278683824,0.300029991194606,0,0.000483208510559052,0,0,0,0,0,0,0,0,0,0,0,0.00047744091716595,0,0,0,0,0,0.0015155341825448,0,0,0,0,0.000571755284909159,0,0,0.000636537210084498,0,0,0,0,0,0,0,0,0,0,0,0,0,0,0.00245398777769879,0.00114777614362538,0,0,0.193090678367298,0.08324661757797,0,0,0,0.000669792352709919,0,0,0,0,0,0,0,0,0,0.000789265963248909,0.0289286586339585,0.0124610597267747,0,0,0,0,0,0,0,0,0,0,0,0,0,0,0,0.00034364260500297,0,0,0,0,0.00041990343015641,0,0,0,0,0,0,0,0,0.0990825664484873,0.000368935609003529,0.000300345389405265,0,0,0,0,0,0,0,0,0,0,0,0,0,0,0,0,0,0,0.00074460165342316,0,0,0,0,0,0,0,0,0,0,0,0,0,0,0,0,0,0,0,0,0,0,0,0,0,0,0,0,0,0,0,0,0,0,0,0,0,0,0,0,0,0,0,0,0,0,0,0,0,0,0,0,0,0,0,0,0,0,0,0,0,0,0,0,0,0,0,0,0,0,0,0,0,0,0,0,0,0,0,0,0,0,0,0,0,0,0,0,0,0,0,0,0,0,0,0,0,0,0,0,0,0,0,0,0,0,0,0,0,0,0,0,0,0,0,0,0,0,0,0,0,0,0,0,0,0,0,0,0,0,0,0,0,0,0,0,0,0,0,0,0,0,0,0,0,0,0,0,0,0,0,0,0,0,0,0,0,0,0,0,0,0,0,0,0,0,0,0,0,0,0,0,0,0,0,0,0,0,0,0,0,0,0,0,0,0,0,0,0,0,0,0,0,0.00155038763477933,0.00394973054062575,0.00293126184260473,0.000474045984447002,0.000845546746859327,0,0,0.000301250198390335,0,0,0,0,0,0,0,0,0,0
0,0.00750187551602721,0,0,0,0,0,0.359182233427418,0.0050632911734283,0,0.0857343632960692,0.563567357836291,0,0.000969461922068149,0.000796495412942022,0,0,0,0.00148920330684632,0,0,0,0,0,0,0.00224215246271342,0.000867302704136819,0,0.00122399022802711,0,0,0,0,0,0,0,0.0104468950303271,0.000835421902593225,0.00305810384452343,0.00427899009082466,0.0541205401532352,0.00595491274725646,0.022199098020792,0.0230503262719139,0.00155642023310065,0.00231481483206153,0.00401284109102562,0.00592885399237275,0.00113314448390156,0.00257069407962263,0.0123520335182548,0.0645448487193789,0.0784680044744164,0.0179717583814636,0.0162877505645156,0.00767964927945286,0,0,0,0.00114155246410519,0,0,0.00156311062164605,0,0,0,0.0653987330151722,0.00408997968770564,0,0.000835073064081371,0,0,0.21105890115723,0.00446927372831851,0.00149198062717915,0,0,0.0884648758219555,0.068071314250119,0.447988919215277,0.0297435886459425,0.00164271052926779,0.00489795918110758,0.00429053028346971,0.00150262960232794,0.00101910822559148,0.000695410300977528,0,0,0,0,0,0,0,0.0147058826405555,0.740941035328433,0.0444832096109167,0.00116959062870592,0.00235294108279049,0.000975609757006168,0.00591366027947515,0.0093209050828591,0,0.00725513929501176,0,0,0,0.00643974222475663,0,0,0,0,0,0.00591715984046459,0.0134128167992458,0.015933494491037,0.0293233085540123,0,0,0,0.00259740254841745,0,0.00107584719080478,0,0,0,0,0,0.00169923529028893,0.00168990285601467,0,0.000600240076892078,0.00216076063225046,0.000496401102282107,0,0.0161744019133039,0.00162822258425876,0.0123214781051502,0.00188501412048936,0.00485672644572333,0.0292397662997246,0,0.00297324091661721,0.0107190711423755,0,0.00672494934406132,0.000962463906034827,0.000472925050416961,0.00841412140289322,0.0301204816787504,0.0194063918897882,0,0,0,0,0,0.00736842071637511,0,0.00117370893713087,0,0,0,0,0,0,0,0.00229226355440915,0.00535475229844451,0,0.00165152770932764,0,0,0,0,0,0,0,0,0,0,0,0,0,0,0,0,0,0.00034566194517538,0,0,0,0,0,0,0,0,0,0,0,0,0,0,0,0,0,0,0,0,0,0,0,0,0,0,0,0,0,0,0,0,0,0,0,0,0,0,0,0,0,0.00193423603195697,0,0,0,0,0,0,0,0,0,0,0,0,0,0,0,0,0,0,0,0,0,0,0,0,0,0,0,0,0,0,0,0,0,0,0,0,0,0,0,0,0,0,0,0,0,0,0,0,0,0,0,0,0,0,0,0,0,0,0,0,0,0,0,0,0,0,0,0,0,0,0,0,0,0,0,0,0,0,0,0,0,0,0,0,0,0,0,0,0,0,0,0,0,0,0,0,0,0,0,0,0,0,0,0,0,0,0,0,0,0,0,0,0,0,0,0,0,0,0,0,0,0,0,0,0,0,0,0,0,0,0,0.00663434551097453,0.19917771150358,0.0106553014484234,0.00462504115421325,0.000677506788633764,0,0,0.00183587297215126,0,0.000758917245548218,0,0,0,0,0,0,0,0.00056529113498982
0,0,0,0,0,0,0,0.0218366149347275,0,0.0857343632960692,0,0.0140754958847538,0,0,0,0,0,0,0,0,0,0,0,0,0,0,0,0,0,0,0,0,0,0,0,0,0,0,0,0,0.00185013876762241,0,0.000855432008393109,0,0,0,0,0,0,0,0,0,0.00375939847435802,0,0,0,0,0,0,0,0,0,0.000993048655800521,0,0,0,0.000815660692751408,0,0,0,0,0,0.018901890667621,0,0,0,0,0.0283929577562958,0.0183767233975232,0.158305466873571,0.00284697511233389,0,0,0,0,0,0,0,0,0,0,0,0,0,0,0,0,0,0.00173160177655518,0,0,0,0,0,0,0,0,0,0,0,0,0,0,0,0.0025094102602452,0,0,0,0,0,0,0,0,0,0,0,0,0,0,0,0,0,0.000489835918415338,0,0,0.00347977387718856,0.000636942684650421,0,0,0,0,0,0,0,0,0,0,0,0,0,0.000675904040690511,0,0,0,0,0,0,0,0,0,0,0,0,0,0,0,0,0,0,0,0,0,0,0,0,0,0,0,0,0,0,0,0,0,0,0,0,0,0,0,0,0,0,0,0,0,0,0,0,0,0,0,0,0,0,0,0,0,0,0,0,0,0,0,0,0,0,0,0,0,0,0,0,0,0,0,0,0,0,0,0,0,0,0,0,0,0,0,0,0,0,0,0,0,0,0,0,0,0,0,0,0,0,0,0,0,0,0,0,0,0,0,0,0,0,0,0,0,0,0,0,0,0,0,0,0,0,0,0,0,0,0,0,0,0,0,0,0,0,0,0,0,0,0,0,0,0,0,0,0,0,0,0,0,0,0,0,0,0,0,0,0,0,0,0,0,0,0,0,0,0,0,0,0,0,0,0,0,0,0,0,0,0,0,0,0,0,0,0,0,0,0,0,0,0,0,0,0,0,0,0,0,0,0,0,0,0,0,0,0,0,0.000274235557299107,0.00417427625507116,0,0,0,0,0,0,0,0,0,0,0,0,0,0,0,0
0,0.00814663921482861,0,0,0,0,0,0.0429996543971356,0.000606060610152781,0.563567357836291,0.0140754958847538,0,0,0,0,0,0,0,0,0,0,0,0,0,0,0,0,0,0,0,0,0,0,0,0,0,0.00107353727798909,0,0.000951474765315652,0,0.00566251401323825,0.00080289039760828,0.000661594443954527,0.00145825743675232,0,0,0,0,0.00104986876249313,0,0.000993542023934424,0.00431685737567022,0.00263042526785284,0.00161485665012151,0.000647878216113895,0,0,0,0,0,0,0,0,0,0,0,0.00382531096693128,0,0,0,0,0,0.0467836239840835,0,0,0,0,0.00735895318211988,0.00803616270422935,0.0518331244820729,0.000956937787123024,0,0.00077220075763762,0,0,0,0,0,0,0,0,0,0,0,0.00488997576758265,0.0312662834767252,0.0164406083058566,0,0,0,0.00109229923691601,0.00121802685316652,0,0.00111482723150402,0.00103412615135312,0,0,0,0,0,0,0,0,0.00268096523359418,0,0.00198216049466282,0.00428571423981339,0,0,0,0,0,0,0,0,0,0,0,0,0,0,0,0,0,0,0.00335120654199272,0.0010457516182214,0.00431150617077947,0,0.000909504306036979,0.0106100793927908,0,0,0,0,0,0,0,0,0.00127877236809582,0.00109769485425204,0,0,0,0,0,0,0,0,0,0,0,0,0,0,0,0,0,0,0,0,0,0,0,0,0,0.000640615005977452,0,0,0,0,0,0,0,0,0,0,0,0,0,0,0,0,0,0,0,0,0,0,0,0,0,0,0,0,0,0,0,0,0,0,0,0,0,0,0,0,0,0,0,0,0,0,0,0,0,0,0,0,0,0,0,0,0,0,0,0,0,0,0,0,0,0,0,0,0,0,0,0,0,0,0,0,0,0,0,0,0,0,0,0,0,0,0,0,0,0,0,0,0,0,0,0,0,0,0,0,0,0,0,0,0,0,0,0,0,0,0,0,0,0,0,0,0,0,0,0,0,0,0,0,0,0,0,0,0,0,0,0,0,0,0,0,0,0,0,0,0,0,0,0,0,0,0,0,0,0,0,0,0,0,0,0,0,0,0,0,0,0,0,0,0,0,0,0,0,0,0,0,0,0,0,0,0,0,0,0,0,0,0,0,0.000752068182919174,0.0203629921888933,0.00242592266295105,0,0,0,0,0,0,0,0,0,0,0,0,0,0,0
0.102408673614264,0,0.255972688319162,0.122300915129017,0.521427080675494,0.218672546441667,0,0,0,0,0,0,0,0.00522193196229637,0.00364166073268279,0.254984903847799,0.0266382528934628,0.0423120511695743,0.339670466259122,0.0547320395708084,0.0315126066561788,0.014799154130742,0,0,0,0,0,0,0,0,0.0147540983743966,0,0,0,0,0,0,0,0,0,0,0,0,0,0,0,0,0,0,0.00223338906653225,0,0,0,0,0,0,0,0,0,0,0,0,0,0,0,0,0.00061881187139079,0,0,0,0,0,0,0,0,0,0,0,0,0,0,0,0,0,0,0,0,0,0,0,0,0,0,0,0,0,0,0,0,0,0,0,0.00123533047735691,0,0,0,0,0,0,0,0,0,0,0,0,0,0,0,0,0,0.145352119579911,0,0.0019102196674794,0.00207361322827637,0.000713521207217127,0,0,0.00437062932178378,0.0231749704107642,0.00307455798611045,0.000656167976558208,0.000560695247258991,0.00205634380108677,0.000938086304813623,0.000447327212896198,0.00324780761729926,0,0.0189174986444414,0.00169707252644002,0,0,0.140388765139505,0.0310696856467985,0.00080840743612498,0,0.0290360039798543,0,0,0.000350754125975072,0.000620539882220328,0,0.0267965907696635,0,0,0.00261780107393861,0.0888340501114726,0.048711942974478,0.616201877593994,0.0123775145038962,0.00134138157591224,0.000985707272775471,0,0.00510018219938502,0,0,0,0.00101010105572641,0.00115673802793026,0,0,0,0,0,0,0,0.0164502168772742,0,0.00245700241066515,0,0,0,0,0,0,0,0,0,0,0,0,0,0,0,0,0,0,0,0,0,0,0,0,0,0,0,0,0,0,0,0,0,0,0,0,0,0,0,0,0,0,0,0,0,0,0,0,0,0,0,0,0,0,0,0,0,0,0,0,0,0,0,0,0,0,0,0,0,0,0,0,0,0,0,0,0,0,0,0,0,0,0,0,0,0,0,0,0,0,0,0,0,0,0,0,0,0,0,0,0,0,0,0,0,0,0,0,0,0,0,0,0,0,0,0,0,0,0,0,0,0,0,0,0,0,0,0,0,0,0,0,0,0,0,0,0,0,0,0,0,0,0,0,0,0,0,0,0,0,0,0,0,0,0,0,0,0,0,0,0,0,0,0,0,0,0,0,0,0,0,0,0,0,0,0,0,0,0,0,0,0,0,0,0,0.00034094782313332,0,0.0221534445881844,0,0,0,0,0,0,0,0,0,0,0,0,0
0.000326317502185702,0.00280112051405013,0.00370828178711236,0,0,0.000572901742998511,0,0.00589356885757297,0,0.000969461922068149,0,0,0.00522193196229637,0,0.00690713716903701,0,0,0,0.00278164120391011,0.00123915739823133,0,0,0,0,0,0,0.00999583513475955,0,0.0127241183072329,0.0456580115715042,1.1208695890964,0.239096981240436,0.12458286434412,0.653465343872085,0.550213002599776,0,0.0297029701760039,0.105263159843162,0,0.0106907895533368,0.0127832652069628,0,0.00201477500377223,0.000741289870347828,0.0022514071315527,0.00329127826262265,0,0.00094384141266346,0.00107526883948594,0,0,0.000435919791925699,0.00357781746424735,0,0.00131492444779724,0,0.0143003070261329,0.455999995116144,0.14625228010118,0.188413637923077,0.204081635456532,0.0658682633657008,0.00301431794650853,0.107103829039261,0.00817160401493311,0,0,0.000660283898469061,0.0574241182766855,0,0.00134952762164176,0.0155595445539802,0,0,0.000720461073797196,0,0,0,0,0,0.000977995106950402,0.000790513819083571,0,0.00119118520524353,0.00145085237454623,0.000497512461151928,0.00605856638867408,0.00632911396678537,0.00172117038164288,0.00738007400650531,0,0.00155279505997896,0.000599880004301667,0.000849617645144463,0.00125707103870809,0,0.000837520929053426,0,0,0,0,0,0,0.00114351056981832,0.00105876126326621,0.000909918104298413,0,0.00440722797065973,0,0.00269541773013771,0,0,0,0.00138217001222074,0,0,0,0,0.0340846620965749,0,0.500305798486806,0,0.00102354143746197,0,0,0,0,0,0.00326663954183459,0,0,0,0.000846919312607497,0.000969932123553008,0.000461787101812661,0.00272201420739293,0,0.00272776873316616,0.000902119965758175,0,0.0013670539483428,0.0280373822897673,0.00567912915721536,0,0,0.00758533529005945,0,0,0.00107874866807833,0.00194615637883544,0.000555709935724735,0,0,0,0.00144092214759439,0.00135043892078102,0.00401002494618297,0.0073206442175433,0,0.00148038484621793,0.0529380631633103,0,0,0.21474926173687,0.00417246180586517,0.0193384224548936,0.00108695647213608,0,0.00112612615339458,0.00476758042350411,0,0,0,0,0,0,0,0,0.0362959509948269,0.1572177206981,0,0,0,0,0,0,0,0.000340078229783103,0,0,0,0,0,0.123304562293924,0.0118137600366026,0,0,0,0,0,0,0,0,0,0,0,0.0187949136598036,0,0,0.00777873827610165,0.0742880743928254,0,0,0,0.00744878989644349,0,0.00389863550662994,0.00682885199785233,0,0.000739918614272028,0.00682982336729765,0.0026881720405072,0.00305227003991604,0,0,0.00338983058463782,0,0,0,0.0120203417609446,0,0,0,0,0,0,0.000958313350565732,0.0159893408417702,0,0.00795228593051434,0.00237953593023121,0.00223797094076872,0.00263504614122212,0.00686947989743203,0.00103252450935543,0,0,0,0.00223164475755766,0.000604960659984499,0.000724375247955322,0.00217627856181934,0,0,0,0,0.001089918310754,0,0,0,0,0,0,0.000587716698646545,0,0,0.00223297358024865,0.000733406690414995,0,0.00282286526635289,0,0,0.000585823087021708,0,0,0,0,0,0,0,0,0,0.00150150153785944,0,0,0,0,0,0,0,0,0,0,0,0.0013995801564306,0,0,0,0,0,0.00646830536425114,0,0,0,0,0,0,0,0,0,0,0.000638365803752095,0,0,0,0,0,0,0,0,0,0.00195026816800237,0,0,0,0,0,0,0,0,0,0,0,0.00114351056981832,0,0,0,0,0,0,0.0127906976267695,0,0,0.00808625319041312,0,0.00188590283505619,0,0,0,0.00084997876547277,0,0,0,0,0,0,0,0,0.0112044822890311,0.0012062726309523,3.44684958690777e-05,0.0121013489551842,0.0228034877800383,0.00593782757641748,0.00384369003586471,0.00466744444565848,0.000690607761498541,0.0355191247072071,0.00180440270924009,0,0.0114985627005808,0.0143854452180676,0.000657462223898619,0,0.00403429137077183,0,0.00367421912960708,0.000705716316588223,0.000375181727577001
0,0.0010660981060937,0.00774443382397294,0.00032803017529659,0.000396432122215629,0.00050774309784174,0,0.000321698578773066,0,0.000796495412942022,0,0,0.00364166073268279,0.00690713716903701,0,0.0244523696601391,0.193135014909785,0,0.0498409358551726,0,0,0,0,0,0,0,0.000702000688761473,0,0.0698208557441831,0.351976129692048,0.112081515602767,0,0.00089047197252512,0.00088261254131794,0.0114777619019151,0,0.00176522508263588,0.00340483500622213,0,0,0.00184416782576591,0,0.000583771150559187,0,0,0.0501981521956623,0,0.00779119611252099,0,0.267746542522218,0,0,0,0,0.00114613177720457,0,0,0.00205338816158473,0,0.000871459720656276,0,0,0,0,0,0,0,0,0,0,0,0,0.000604229629971087,0.000619578699115664,0,0,0,0.000702000688761473,0,0.00100755668245256,0,0,0,0,0,0,0,0,0,0,0,0,0,0,0.00294261903036386,0.000471586885396391,0,0,0,0,0.00179051025770605,0,0,0.00364132900722325,0.00171159603632987,0,0,0,0,0,0,0,0,0,0,0,0,0,0,0,0.0220835338113829,0,0.00083263945998624,0.00268216361291707,0.000642880098894238,0,0,0.000770416052546352,0.0117362788296305,0.00137457042001188,0.000312304822728038,0,0.00193386193132028,0,0,0.00531443778891116,0.000946073792874813,0.00388915906660259,0,0.000768639496527612,0,0.317592586972751,0.0156188989058137,0,0.00134273245930672,0.0650246324948967,0,0.000419111485825852,0.00232945088646375,0.00113282352685928,0.00197677290998399,0.00102564098779112,0,0,0,0,0.00163733109366149,0.0176405739039183,0.00089007563656196,0,0.037655112799257,0,0,0,0,0,0.00262237759307027,0,0,0,0,0,0,0,0,0.00305576785467565,0,0,0.000770119368098676,0,0,0,0,0,0,0,0,0,0,0,0,0,0,0.0013884068466723,0.0108238124521449,0,0,0,0,0,0,0,0,0,0,0,0.00265839602798223,0,0,0.00144822592847049,0.00557297095656395,0,0,0.000985707272775471,0,0,0,0.000716589041985571,0,0,0,0,0,0,0.000692041532602161,0.00360685307532549,0,0,0,0.0114898508763872,0,0,0,0,0,0,0,0,0,0,0,0,0,0,0,0,0,0,0,0,0,0,0,0,0,0,0,0,0,0,0,0,0,0,0,0,0,0,0,0,0,0,0,0,0,0,0,0,0,0,0,0,0,0,0,0,0,0,0,0,0,0,0,0,0,0,0,0,0,0,0.00200601806864142,0,0,0,0,0,0,0,0,0,0,0,0,0,0,0,0,0,0.000625390850473195,0,0.000859475694596767,0,0,0,0,0,0,0,0,0,0,0,0,0,0,0,0,0,0,0,0.000922509236261249,0,0,0,0,0,0.000871839583851397,0,0,0,0,0,0,0,0,0,0,0,0,0,0,0.000715905029210262,0.000812842918094248,0.000323939108056948,0,0.00620443606749177,0,0.00104602507781237,0.000333889824105427,0,0.00236714404309168,0,0,0,0.00343911215895787,0,0,0,0
0.00109369307756424,0,0.469743572408333,0.00239712337497622,0.000505816889926791,0.0112359551712871,0,0,0,0,0,0,0.254984903847799,0,0.0244523696601391,0,0.126142599619925,0.00321888411417603,0.176100626122206,0.0123583939857781,0,0,0,0,0,0,0,0,0,0,0.00362100172787905,0,0,0,0,0,0,0,0,0,0,0,0,0,0,0,0,0,0,0.0456349232699722,0,0,0,0,0,0,0,0,0,0,0,0,0,0,0,0,0,0,0,0,0,0,0,0,0,0,0,0,0,0,0,0,0,0,0,0,0,0,0,0,0,0,0,0,0,0.000634920608717948,0,0,0,0,0,0,0,0,0,0,0,0,0,0,0,0,0,0,0,0,0,0,0,0,0.0241935476660728,0,0,0,0,0,0,0.00132890359964222,0,0,0,0,0,0,0,0,0,0.00198478333186358,0,0,0,0.233863422181457,0.0312925174366683,0,0,0.0468583591282368,0,0,0,0,0,0.020954598672688,0,0,0,0,0.0029585799202323,0.221300143748522,0.00346020772121847,0,0,0,0,0,0,0,0,0.00211416487582028,0,0,0,0,0,0,0,0,0,0,0,0,0,0,0,0,0,0,0,0,0,0,0,0,0,0,0,0,0,0,0,0,0,0,0,0,0,0,0,0,0,0,0,0,0,0,0,0,0,0,0,0,0,0,0,0,0,0,0,0,0,0,0,0,0,0,0,0,0,0,0,0,0,0,0,0,0,0,0,0,0,0,0,0,0,0,0,0,0,0,0,0,0,0,0,0,0,0,0,0,0,0,0,0,0,0,0,0,0,0,0,0,0,0,0,0,0,0,0,0,0,0,0,0,0,0,0,0,0,0,0,0,0,0,0,0,0,0,0,0,0,0,0,0,0,0,0,0,0,0,0,0,0,0,0,0,0,0,0,0,0,0,0,0,0,0,0,0,0,0,0,0,0,0,0,0,0,0,0,0,0,0,0,0,0,0,0,0,0,0,0,0,0,0,0,0,0,0.00149365200195462,0,0,0,0,0,0,0,0,0,0,0,0,0
0.000350385409547016,0,0.0401002513244748,0.000765110948123038,0,0.00130293157417327,0,0.00037397159030661,0,0,0,0,0.0266382528934628,0,0.193135014909785,0.126142599619925,0,0,0.163225177908316,0.00167644594330341,0,0,0,0,0,0.000851063814479858,0,0,0.0259938846575096,0,0.00319318799301982,0,0,0,0,0.00154202000703663,0.00143163918983191,0,0,0.000994530040770769,0,0,0,0,0,0.00855920137837529,0,0.0459363976260647,0.00138985412195325,0.328455277020112,0,0,0,0.000994530040770769,0,0,0,0,0,0,0,0,0,0,0,0,0.000748783233575523,0,0,0,0,0,0,0,0,0,0,0,0,0,0,0,0,0,0,0,0,0,0,0,0,0,0,0,0.0854700861964375,0.000593119824770838,0,0,0,0,0,0,0,0.00301204808056355,0.00272479560226202,0,0,0,0,0,0,0,0,0,0,0,0.000856898026540875,0,0,0,0.0345963748404756,0,0,0.00146198831498623,0.000892060634214431,0,0,0.00115807761903852,0.00887573976069689,0.00195982353761792,0,0.00199600792257115,0.000464900047518313,0.000540102599188685,0,0.000794281193520874,0,0,0,0,0.00191938574425876,0.173508904874325,0.0295508274575695,0.00104547827504575,0.0426540279295295,0.115417746361345,0,0,0.00272320551448502,0.000751314801163971,0.0062932661967352,0.00185013876762241,0,0,0,0,0.00381194392684847,0.084656085819006,0,0,0,0,0,0,0,0,0.00140944321174175,0,0,0,0,0,0.00140056025702506,0.00176211458165199,0,0.00343053170945495,0,0,0,0,0,0,0,0,0,0,0,0,0,0,0,0,0,0,0,0,0,0,0,0,0,0,0,0,0,0,0,0,0,0,0,0,0,0,0,0,0,0,0,0,0,0,0,0,0,0,0,0,0,0,0,0,0,0,0,0,0,0,0,0,0,0,0,0,0,0,0,0,0,0,0,0,0,0,0,0,0,0,0,0,0,0,0,0,0,0,0,0,0,0,0,0,0,0,0,0,0,0,0,0,0,0,0,0,0,0,0,0,0,0,0,0,0,0,0,0,0,0,0,0,0,0,0,0,0,0,0,0,0,0,0,0,0,0,0,0,0,0,0,0,0,0,0,0,0,0,0,0,0,0,0,0,0,0,0,0,0,0,0,0,0,0,0,0,0,0,0,0,0,0,0,0,0,0,0,0,0,0,0,0,0,0.000266240676864982,0,0.00150801136624068,0.000740466522984207,0.00215130869764835,0,0,0.000390548724681139,0,0.000791556725744158,0,0.00035316968569532,0,0.000361794489435852,0,0,0,0
0.0290213038679212,0,0.00101677677594125,0.0100033343187533,0.0153659522766247,0.0723958371090703,0.281813750276342,0,0,0,0,0,0.0423120511695743,0,0,0.00321888411417603,0,0,0.00223838840611279,0.00815078988671303,0.0312352103646845,0.217991438519675,0,0,0,0,0,0,0,0,0.00151000381447375,0,0,0,0,0,0,0,0,0,0,0,0,0,0,0,0,0,0,0,0,0,0,0,0,0,0,0,0,0,0,0,0,0,0,0,0,0,0,0,0,0,0,0,0,0,0,0,0,0,0,0,0,0,0,0,0,0,0,0,0,0,0,0,0,0,0,0,0,0,0,0,0,0,0,0,0.000971345289144665,0,0,0,0,0,0,0,0,0,0,0,0,0,0.0332661280408502,0.00230083405040205,0.00260529736988246,0,0,0,0.90034069045214,0.00240288348868489,0.0014295926084742,0.0007114905747585,0.013322759361472,0.00264830508967862,0.000788643548730761,0.0022356360568665,0.0816239323175978,0.0796836976660416,0,0.501120815635659,0,0,0.00110375275835395,0.0155264437198639,0.00243704306194559,0,0,0.00207146559841931,0,0,0,0,0,0,0,0.264033265877515,0,0.109289621468633,0.0571672337246127,0.0198250720277429,0.00279329612385482,0.014117646496743,0,0,0.276912654109765,0,0,0,0.00182731845416129,0,0,0,0,0.0048995588440448,0,0,0,0.0142913858871907,0.000583771150559187,0.0010887315729633,0,0,0,0,0,0,0,0,0,0,0,0,0,0,0,0,0,0,0,0,0,0,0,0,0,0,0,0,0,0,0,0,0,0,0,0,0,0,0,0,0,0,0,0,0,0,0,0,0,0,0,0.000796178355813026,0,0,0,0,0,0,0,0,0,0,0,0,0,0,0,0,0,0,0,0,0,0,0,0,0,0,0,0,0,0,0,0,0,0,0,0,0,0,0,0,0,0,0,0,0,0,0,0,0,0,0,0,0,0,0,0,0,0,0,0,0,0,0,0,0,0,0,0,0,0,0,0,0,0,0,0,0,0,0,0,0,0,0,0,0,0,0,0,0,0,0,0,0,0,0,0,0,0,0,0,0,0,0,0,0,0,0,0,0,0,0,0,0,0,0,0,0,0,0,0,0,0,0,0,0,0,0,0,0,0,0,0,0,0.000658436212688684,0,0.0229993690154515,0.00369799684267491,0,0,0,0,0,0,0,0,0,0,0,0
0.000369754125131294,0,0.0824053476098925,0.000811523641459644,0.000515862775500864,0.0404186206869781,0,0,0,0.00148920330684632,0,0,0.339670466259122,0.00278164120391011,0.0498409358551726,0.176100626122206,0.163225177908316,0.00223838840611279,0,0.0134228188544512,0,0,0,0,0,0,0,0,0.00396432122215629,0.00132100400514901,0.0227848102804273,0,0,0,0,0,0,0,0,0,0.00199800194241107,0,0,0,0.00102827767841518,0.00906618312001228,0,0.00285918521694839,0,0.0687432885169983,0,0,0,0,0,0,0,0,0,0,0,0,0,0,0,0,0,0.000866175862029195,0,0,0,0,0.000933706818614155,0,0,0,0,0,0,0,0,0,0,0,0,0,0,0,0,0,0,0,0,0,0.00918484479188919,0,0,0,0,0,0.00187617260962725,0,0,0,0.00171086401678622,0,0,0,0,0,0,0,0,0.00275103165768087,0.00278940028510988,0,0,0,0,0,0.0306010940112174,0,0,0,0.00205867225304246,0,0,0.00140056025702506,0.00347021408379078,0.00114810559898615,0,0,0,0,0,0,0,0.00203665980370715,0,0,0,0.346774183213711,0.101938261650503,0,0,0.167053358629346,0,0,0.000413052446674556,0,0,0.00255754473619163,0,0,0,0.00525624165311456,0.0172549017006531,1.19504640623927,0.00741427252069116,0,0,0,0.00106100796256214,0,0,0,0.00178571429569274,0,0,0,0,0,0,0,0,0.00551724154502153,0,0,0,0,0,0,0,0,0,0,0,0,0,0,0,0,0,0,0,0,0,0,0,0,0,0,0,0,0,0,0,0,0,0,0,0,0,0,0,0,0,0,0,0,0,0,0,0,0,0,0,0,0,0,0,0,0,0,0,0,0,0,0,0,0,0,0,0,0,0,0,0,0,0,0,0,0,0,0,0,0,0,0,0,0,0,0,0,0,0,0,0,0,0,0,0,0,0,0,0,0,0,0,0,0,0,0,0,0,0,0,0,0,0,0,0,0,0,0,0,0,0,0,0,0,0,0,0,0,0,0,0,0,0,0,0,0,0,0,0,0,0,0,0,0,0,0,0,0,0,0,0,0,0,0,0,0,0,0,0,0,0,0,0,0,0,0,0,0,0,0,0,0,0,0,0,0,0,0,0,0,0,0,0,0,0.00027727714041248,0.000532907026354223,0.000399520562496036,0,0.00113657891051844,0,0,0,0,0,0,0,0,0,0,0,0,0
0.00322291851625778,0.0407239836640656,0.00931098707951605,0.0066601371509023,0.0148038484621793,0.242958945920691,0,0,0,0,0,0,0.0547320395708084,0.00123915739823133,0,0.0123583939857781,0.00167644594330341,0.00815078988671303,0.0134228188544512,0,0.339344262611121,0.00496688741259277,0.0218579233624041,0,0,0,0,0,0,0,0.00227790442295372,0,0,0,0,0,0,0,0,0,0,0,0,0,0,0,0,0,0,0.00361336953938007,0,0,0,0,0,0,0,0,0,0,0,0,0,0,0,0,0,0,0,0,0,0,0,0,0,0,0,0,0,0,0,0,0,0,0,0,0,0,0,0,0,0,0,0,0,0,0,0,0,0,0,0,0,0,0,0,0,0,0,0,0,0,0,0,0,0,0,0,0,0,0.0274977082153782,0,0.00141843967139721,0,0.00094384141266346,0,0,0,0.0031496062874794,0,0.000369549146853387,0.00069372181314975,0,0.000558659201487899,0,0.00167014612816274,0.000618046964518726,0.0121716851135716,0,0,0.0544069625902921,0.0222602738067508,0.0191204587463289,0,0,0.00385356461629272,0,0,0.000398565171053633,0,0.000654664472676814,0.00208768271841109,0,0,0.00236966833472252,0.194236921612173,0.0565127492882311,0.218978100456297,0.24701195594389,0,0,0,0.000970402732491493,0,0,0,0.00154320988804102,0,0,0,0,0,0,0,0.000934142910409719,0.00492004910483956,0,0,0,0,0,0,0,0,0,0,0,0,0,0,0,0,0,0,0,0,0,0,0,0,0,0,0,0,0,0,0,0,0,0,0,0,0,0,0,0,0,0,0,0,0,0,0,0,0,0,0,0,0,0,0,0,0,0,0,0,0,0,0,0,0,0,0,0,0,0,0,0,0,0,0,0,0,0,0,0,0,0,0,0,0,0,0,0,0,0,0,0,0,0,0,0,0,0,0,0,0,0,0,0,0,0,0,0,0,0,0,0,0,0,0,0,0,0,0,0,0,0,0,0,0,0,0,0,0,0,0,0,0,0,0,0,0,0,0,0,0,0,0,0,0,0,0,0,0,0,0,0,0,0,0,0,0,0,0,0,0,0,0,0,0,0,0,0,0,0,0,0,0,0,0,0,0,0,0,0,0,0,0,0,0,0,0,0,0,0.00329972503823228,0,0,0,0,0,0,0,0,0,0,0,0,0
0.0254577158484608,0,0.00163398694712669,0.0270218841615133,0.0785153484321199,0.577978678338695,0.00152905203867704,0,0,0,0,0,0.0315126066561788,0,0,0,0,0.0312352103646845,0,0.339344262611121,0,0.75257732195314,0,0,0,0,0,0,0,0,0.00104931788519025,0,0,0,0,0,0,0,0,0,0,0,0,0,0,0,0,0,0,0,0,0,0,0,0,0,0,0,0,0,0,0,0,0,0,0,0,0,0,0,0,0,0,0,0,0,0,0,0,0,0,0,0,0,0,0,0,0,0,0,0,0,0,0,0,0,0,0,0,0,0,0,0,0,0,0,0,0,0,0,0,0,0,0,0,0,0,0,0,0,0.00644641416147351,0,0,0,0,0,0,0,0,0.000967118015978485,0,0,0,0,0,0.00157170929014683,0,0.0378973121987656,0,0,0.00187090737745166,0.00303490133956075,0.00116346718277782,0,0,0,0,0,0,0,0,0,0,0,0,0.583256652927957,0.0174890700727701,0.100823042215779,0.0113879004493356,0.00208986410871148,0,0,0.00271370419068262,0,0,0,0,0,0,0,0,0,0,0,0,0.00225225230678916,0,0,0,0,0,0,0,0,0,0,0,0,0,0,0,0,0,0,0,0,0,0,0,0,0,0,0,0,0,0,0,0,0,0,0,0,0,0,0,0,0,0,0,0,0,0,0,0,0,0,0,0,0,0,0,0,0,0,0,0,0,0,0,0,0,0,0,0,0,0,0,0,0,0,0,0,0,0,0,0,0,0,0,0,0,0,0,0,0,0,0,0,0,0,0,0,0,0,0,0,0,0,0,0,0,0,0,0,0,0,0,0,0,0,0,0,0,0,0,0,0,0,0,0,0,0,0,0,0,0,0,0,0,0,0,0,0,0,0,0,0,0,0,0,0,0,0,0,0,0,0,0,0,0,0,0,0,0,0,0,0,0,0,0,0,0,0,0,0,0,0,0,0,0,0,0,0,0,0,0,0,0,0,0,0,0,0,0,0,0.00142729701474309,0,0,0,0,0,0,0,0,0,0,0,0,0
0.0541673954285216,0,0,0.0446309364633635,0.0954426126554608,0.245705033943523,0.00925925932824612,0,0,0,0,0,0.014799154130742,0,0,0,0,0.217991438519675,0,0.00496688741259277,0.75257732195314,0,0,0,0,0,0,0,0,0,0,0,0,0,0,0,0,0,0,0,0,0,0,0,0,0,0,0,0,0,0,0,0,0,0,0,0,0,0,0,0,0,0,0,0,0,0,0,0,0,0,0,0,0,0,0,0,0,0,0,0,0,0,0,0,0,0,0,0,0,0.000847816874738783,0,0,0,0,0,0,0,0,0,0,0,0.00186393293552101,0,0,0,0,0,0,0,0,0,0,0,0,0,0,0,0,0,0.00813669641502202,0,0.00258397939614952,0,0,0,0.00125549279619008,0.00114810559898615,0,0,0,0,0.00138985409284942,0.00215169438160956,0,0.0110540856840089,0,0.205521471507382,0,0,0,0.00306278723292053,0.00117164617404342,0,0,0,0,0,0,0,0,0,0,0,0.0162932798266411,0.30697675072588,0.0402769036591053,0.0145833340939134,0.00143575016409159,0.00634920643642545,0,0,0.00181900861207396,0,0,0,0,0,0,0,0,0.00180342653766274,0,0,0,0.0034013605909422,0,0.00184842885937542,0,0,0,0,0,0,0,0,0,0,0,0,0,0,0,0,0,0,0,0,0,0,0,0,0,0,0,0,0,0,0,0,0,0,0,0,0,0,0,0,0,0,0,0,0,0,0,0,0,0,0,0,0,0,0,0,0,0,0,0,0,0,0,0,0,0,0,0,0,0,0,0,0,0,0,0,0,0,0,0,0,0,0,0,0,0,0,0,0,0,0,0,0,0,0,0,0,0,0,0,0,0,0,0,0,0,0,0,0,0,0,0,0,0,0,0,0,0,0,0,0,0,0,0,0,0,0,0,0,0,0,0,0,0,0,0,0,0,0,0,0,0,0,0,0,0,0,0,0,0,0,0,0,0,0,0,0,0,0,0,0,0,0,0,0,0,0,0,0,0,0,0,0,0,0,0,0,0,0,0,0,0,0,0,0,0,0,0.00464866778929718,0,0,0,0,0,0,0,0,0,0,0,0,0
0,0.585526320151985,0,0,0,0,0,0,0,0,0,0,0,0,0,0,0,0,0,0.0218579233624041,0,0,0,0,0,0,0,0,0,0,0,0,0,0,0,0,0,0,0,0,0,0,0,0,0,0,0,0,0,0.00176211458165199,0,0,0,0,0,0,0,0,0,0,0,0,0,0,0,0,0,0,0,0,0,0,0.00085251493146643,0,0,0,0,0,0,0,0,0,0,0,0,0,0,0,0,0,0,0,0,0,0,0,0,0,0,0,0,0,0,0,0,0,0,0,0,0,0,0,0,0,0,0,0,0,0,0,0,0,0,0,0,0,0,0,0.00206932239234447,0.00102774926926941,0,0,0.000950796296820045,0.00110864744056016,0,0.000825423048809171,0.00183823535917327,0.0292063480010256,0,0,0.751847968436778,0,0.0162805264117196,0,0,0,0,0,0,0,0,0,0,0,0,0.190673583187163,0.125760646071285,0.00941176433116198,0.171473108930513,0,0,0,0,0,0,0,0,0,0,0,0,0,0,0,0,0,0,0,0,0,0,0,0,0,0,0,0,0,0,0,0,0,0,0,0,0,0,0,0,0,0,0,0,0,0,0,0,0,0,0,0,0,0,0,0,0,0,0,0,0,0,0,0,0,0,0,0,0,0,0,0,0,0,0,0,0,0,0,0,0,0,0,0,0,0,0,0,0,0,0,0,0,0,0,0,0,0,0,0,0,0,0,0,0,0,0,0,0,0,0,0,0,0,0,0,0,0,0,0,0,0,0,0,0,0,0,0,0,0,0,0,0,0,0,0,0,0,0,0,0,0,0,0,0,0,0,0,0,0,0,0,0,0,0,0,0,0,0,0,0,0,0,0,0,0,0,0,0,0,0,0,0,0,0,0,0,0,0,0,0,0,0,0,0,0,0,0,0,0,0,0,0,0,0,0,0,0,0,0,0,0,0,0.000505433417856693,0,0,0.0014590552309528,0,0,0,0,0,0,0,0,0,0,0,0,0
