0,0.000305997557006776,0.0672319778823294,2.7097819589253,0.366084974084515,0.106234572667745,0.000288808660116047,0,0,0,0,0,0.0698940126458183,0.0142898806952871,0.000257234729360789,0,0,0.000897968362551183,0.0147520403552335,0.00339192096726038,0.00267260571126826,0.00569288406404667,0.000612276140600443,0,0,0,0,0,0,0.000281214859569445,0.0261168379802257,0,0.000907029490917921,0,0,0,0,0,0,0,0,0,0,0,0,0,0,0,0,0,0,0,0,0,0,0,0,0,0,0,0,0,0,0,0,0,0,0,0,0,0,0,0,0,0,0,0,0,0,0,0,0,0,0,0,0,0,0,0,0.000558269384782761,0.0020168914925307,0.000518672226462513,0.000249843840720132,0.00162184081273153,0,0,0,0,0,0,0,0,0,0,0,0.00134661997435614,0.000304136250633746,0,0,0.00184643792454153,0.000297885009786114,0.00446162986918353,0,0.000312842166749761,0.000318522070301697,0,0,0,0.00030193236307241,0,0.294879694120027,0.000263504625763744,0.00198553394875489,0,0,0.000290866795694456,0.00166574120521545,0.00106496270745993,0.000274989695753902,0.00106866145506501,0.00103528596810065,0.00161457736976445,0.00150975951692089,0.00254398985998705,0.000695571536198258,0.00390777640859596,0,0.00314996062661521,0,0,0,0.0495429073926061,0.000524590141139925,0,0,0.000591016549151391,0,0,0,0,0,0,0.0996243234258145,0.000292654382064939,0.00760095007717609,0.00088534751557745,0.000279251602478325,0.00271247737691738,0.000598712766077369,0.0432415625546128,0,0,0.00025510202976875,0,0,0,0.00143616256536916,0,0,0,0,0,0,0.000612463627476245,0,0.00487455210532062,0.00176189283956774,0.00125667604152113,0,0,0.00453035318059847,0,0,0.00263396161608398,0.00388898709206842,0.000891364878043532,0,0,0,0,0,0,0.000795544940046966,0.0011237533763051,0.000257069419603795,0.000932111201109365,0,0.000754906854126602,0.00127713917754591,0,0,0,0,0,0,0,0,0,0,0.000275785976555198,0.00217746314592659,0,0,0,0,0,0,0,0,0,0,0,0,0,0,0,0,0,0,0,0,0,0,0,0,0,0,0,0,0,0,0,0,0,0,0,0,0,0,0,0,0,0,0,0,0,0,0,0,0,0,0,0,0,0,0,0,0,0,0,0,0,0,0,0,0,0,0,0,0,0,0,0,0,0,0,0,0,0,0,0,0,0,0,0,0,0,0,0,0,0.00831280773854814,0,0,0,0,0,0,0,0,0,0,0,0,0,0,0,0,0,0,0,0,0.00203193028573878,0,0,0,0,0,0,0,0,0,0,0.000278357678325847,0,0,0,0,0,0,0,0,0,0,0,0,0,0,0,0,0,0,0,0,0,0,0.000281254382571205,0,0,0,0,0,0.000450078776339069,0,0.00748396315611899,0,0.0169638553634286,0.0078359671169892,0,0.00190476188436151,0,0,0,0,0,0.000752941181417555,0,0,0,0.000135007430799305
0.000305997557006776,0,0.00155038759112358,0.000311429466819391,0.00114722750731744,0.000998751609586179,0.00248292996548116,0.000774443382397294,0,0.00270087784156203,0.00433526001870632,0.00131319765932858,0.00239808158949018,0.00647668377496302,0.00325071113184094,0,0,0.0116828925674781,0,0.0170648458879441,0.125263895024545,0.0337986770318821,0.825266614090651,0,0,0,0,0.00108695647213608,0,0.0033370410092175,0.00815910287201405,0,0,0,0,0,0,0,0,0,0,0.00127795524895191,0.000828157353680581,0.00154261477291584,0,0,0,0,0,0.00152439018711448,0,0,0.00125234818551689,0,0,0.00300150085240602,0,0,0,0,0,0,0,0,0,0,0.00273448182269931,0,0,0.000928936351556331,0.0010111223673448,0.000726744183339179,0.0132846226915717,0.00375234521925449,0.000773096224293113,0,0,0.0048916841042228,0.00443458976224065,0.00405405415222049,0,0,0,0,0,0,0,0,0,0,0.000763650226872414,0,0,0,0,0.000729926978237927,0.00484261522069573,0,0,0,0,0,0,0,0.00124069477897137,0.00189393945038319,0,0,0,0.0033755274489522,0.00142857141327113,0.00141843967139721,0,0.00556070439051837,0.00414507789537311,0.00199004984460771,0.00107642624061555,0,0,0,0,0,0.00115141051355749,0.00582072185352445,0,0,0,0,0.00204185815528035,0.00184162065852433,0.000318623555358499,0.00238308007828891,0.0101035612169653,0.0029126214212738,0.00181159417843446,0.0076174353598617,0.00587851053569466,0.466573444660753,0.0243309000506997,0.354623457882553,0.296491234214045,0,0.134141061862465,0,0.00115207373164594,0.022008253261447,0.000919117650482804,0,0.00220082537271082,0.242168252822012,0.0263884624582715,0,0,0,0,0.29801776073873,0.373376623028889,0.0075642962474376,0.228237020317465,0,0,0,0.00237529689911753,0,0,0,0.00727713759988546,0.00167364021763206,0,0,0,0,0,0.00164338538888842,0,0.0108368452638388,0.00151975685730577,0,0,0,0.000504413619637489,0.00156494521070272,0,0,0,0.000546298804692924,0,0,0,0,0,0,0,0,0,0,0,0,0,0,0.00137646251823753,0,0,0,0,0,0.00107874860987067,0,0,0.00103199179284275,0.000983284204266965,0,0.00133600539993495,0,0,0,0.00123380625154823,0,0,0,0,0,0,0,0,0,0,0,0.00191204587463289,0,0,0,0,0,0,0,0,0,0,0,0,0,0,0,0,0,0,0,0,0,0,0,0,0,0,0,0,0,0,0,0,0,0,0,0,0,0,0,0,0,0,0,0,0,0,0,0,0,0,0,0,0,0,0,0,0,0,0,0,0,0,0,0,0,0,0,0,0,0,0,0.00338409468531609,0,0,0,0,0,0,0,0,0,0,0,0,0,0,0,0,0,0,0,0,0,0,0,0,0,0,0,0,0,0,0,0,0,0,0,0,0,0,0.00167224078904837,0,0,0,0,0,0,0,0,0,0,0,0,0,0,0,0,0,0,0,0,0,0.000249469885602593,0.00179654161911458,0.00439932316658087,0.000760167255066335,0.00316143059171736,0.00256081949919462,0,0.00154261477291584,0,0,0,0,0,0,0,0,0,8.22571382741444e-05
0.0672319778823294,0.00155038759112358,0,0.0699537736072671,0.0641751621151343,0.000982077093794942,0,0,0,0,0,0,0.418202764587477,0.0248138955794275,0.0340055349515751,0.491887260228395,0.218905467540026,0.00382200384046882,0.104795739403926,0.00161290320102125,0.00134318333584815,0.00419874046929181,0.00466200476512313,0.00151975685730577,0,0,0,0,0.00130039011128247,0,0.197141454555094,0,0.00876552262343466,0,0,0,0,0,0,0,0.00159108988009393,0,0,0,0,0.00467289704829454,0,0,0,0.0188405803637579,0,0,0,0,0,0,0,0,0,0,0,0,0,0,0,0,0.0016107382834889,0,0,0,0,0,0.000649561523459852,0,0,0,0,0,0,0,0,0,0,0,0.000847457617055625,0,0,0,0,0,0,0,0,0,0,0,0.00232558138668537,0,0,0,0,0,0.00544464611448348,0.00528401602059603,0,0,0.00300751882605255,0,0,0,0,0.00135317991953343,0,0,0,0,0,0,0,0,0.0339256874285638,0,0.0011080332333222,0.0111982086673379,0.00311405211687088,0,0,0.00794351287186146,0.0108534778701141,0.00535714288707823,0.000315208832034841,0.00175182474777102,0.0019865904469043,0.000477554916869849,0,0.00246812019031495,0.000638977624475956,0.0115289594396017,0,0,0,0.40885417885147,0.00672551477327943,0,0.0088691795244813,0.229960572323762,0,0,0,0,0.00120228435844183,0.153443766757846,0,0,0.00561272213235497,0,0.00208768271841109,0.0129496401641518,0.00139372819103301,0.00338123412802815,0.00119260582141578,0,0.000771010003518313,0,0,0,0.00698893424123526,0,0,0,0,0,0.00142045458778739,0.0217898832634091,0.00867365347221494,0.00462695211172104,0,0.00535714288707823,0,0,0.000500125053804368,0,0,0.000289729097858071,0.000988793646683916,0,0,0,0,0,0,0,0,0.00213561137206852,0,0,0,0,0,0,0,0,0,0,0,0,0,0,0,0,0.000951474765315652,0,0,0,0,0,0,0,0,0,0,0,0,0,0,0,0,0,0,0,0,0,0,0,0,0,0,0,0,0,0,0,0,0,0,0,0,0,0,0,0,0,0,0,0,0,0,0,0,0,0,0,0,0,0,0,0,0,0,0,0,0,0,0,0,0,0,0,0,0,0,0,0,0,0,0,0,0,0,0,0,0,0,0,0,0,0,0,0,0,0,0,0,0,0,0,0,0,0,0,0,0,0,0,0,0,0,0,0,0,0,0,0,0,0,0,0,0,0,0,0,0,0,0,0,0,0,0,0,0,0,0,0,0,0,0,0,0,0,0,0,0,0,0,0,0,0,0,0,0,0,0.00494743348099291,0.00044237999827601,0.00836400140542537,0,0.00311951641924679,0.0107839067350142,0,0.0144651695736684,0,0,0.000419111485825852,0,0,0.000743632670491934,0,0,0,0.000164055454661138
2.7097819589253,0.000311429466819391,0.0699537736072671,0,0.974880181194749,0.169038565305527,0.00234914105385542,0,0,0,0.000303766719298437,0,0.0314502040855587,0.0160142352688126,0.000783187570050359,0,0,0.00136441161157563,0.00639181875158101,0.00345260518952273,0.000906207540538162,0.0106691049586516,0.00062315003015101,0,0,0,0,0,0,0,0.0276497695595026,0,0.000615289958659559,0,0,0,0,0,0,0,0,0,0,0,0,0,0,0,0.00029638412524946,0,0,0,0,0,0,0,0,0,0,0,0,0,0,0,0,0,0,0,0,0,0,0,0,0,0,0,0.000227894255658612,0,0,0,0,0,0,0,0,0,0,0,0,0.000283647706964985,0.000767361576436087,0.001052908715792,0.000253453297773376,0.0041180508560501,0,0,0,0,0,0,0,0,0,0,0,0.00273522979114205,0,0,0,0.00595144860562868,0.000303030305076391,0.00363086233846843,0,0,0,0,0,0.000285184651147574,0.0242703528201673,0.00137127190828323,0.0885400319821201,0.000535045459400862,0.00403632689267397,0.000578201783355325,0.000519413035362959,0.0106477369554341,0.00253878705552779,0.00189240329200402,0.000838105886941776,0.00325556157622486,0.00313670828472823,0.00350590169546194,0.00131018672254868,0.00429184554377571,0.00375939859077334,0.00581779703497887,0,0.00455840461654589,0.000292226759484038,0,0,0.0776844605570659,0.000266276125330478,0,0,0,0,0,0,0,0.000236434570979327,0.000318522070301697,0.15665206121048,0.0020833334128838,0.00709562964038923,0.000600330182351172,0.000567536917515099,0.00275988961220719,0.000304553075693548,0.0383214566390961,0,0,0.00103546469472349,0,0,0,0.00350416114088148,0,0,0.000284454552456737,0,0.000502386363223195,0.000917431170819327,0,0,0.00553855102043599,0.0025536262546666,0.00127959053497761,0,0,0.00472201080992818,0,0,0.00598255090881139,0.00232142854656558,0.001128540825448,0,0,0,0,0,0,0.00107700587250292,0.00142755176057108,0.000260892265941948,0,0,0.00102118973154575,0.000975609786109999,0,0,0.000284292822470888,0,0,0,0,0,0,0,0,0.00276472215773538,0,0,0,0,0,0,0,0,0,0,0,0,0,0,0,0,0,0,0,0,0,0,0,0,0,0,0,0,0,0,0,0,0,0,0,0,0,0,0,0,0,0,0,0,0,0,0,0,0,0,0,0,0,0,0,0,0,0,0,0,0,0,0,0,0,0,0,0,0,0,0,0,0,0,0,0,0,0,0,0,0,0,0,0,0,0,0,0.000311477953800932,0,0.00501410197466612,0,0,0,0,0,0,0,0,0,0,0,0,0,0,0.000257698760833591,0,0,0,0,0,0,0,0,0,0,0,0,0,0,0,0,0,0.000611340336035937,0.000326051522279158,0,0,0,0,0,0,0,0,0,0,0,0,0,0,0,0,0,0,0,0,0,0,0,0,0,2.79021751339315e-05,0.00196716355276294,0.000414378941059113,0.00882088216894772,0,0.0200760159641504,0.0119315920164809,0,0.00308107072487473,0,0,0,0,0,0.000380553712602705,0,0,0,6.7764449340757e-05
0.366084974084515,0.00114722750731744,0.0641751621151343,0.974880181194749,0,1.32285043073352,0.00783057481748983,0,0,0,0,0,0.58139532484347,0.0309798261732794,0.00185500073712319,0.00156525138299912,0,0.00447191917919554,0.0394788774428889,0.0250965246232226,0.012893719249405,0.144905946886865,0.00344365803175606,0.000761035014875233,0,0,0,0,0,0.000688942498527467,0.0392025480105076,0,0.00226031272904947,0,0,0,0,0,0,0,0,0,0,0,0,0,0,0,0,0,0,0,0,0,0,0,0,0,0,0,0,0,0,0,0,0,0,0,0,0,0,0,0,0,0.000303260050714016,0,0,0,0,0,0,0,0,0,0,0,0,0,0,0,0.000603591382969171,0.00312207295792177,0,0.00229771860176697,0,0,0,0,0,0,0,0,0,0,0,0.00228758176672272,0.000379506644094363,0,0,0.00423647224670276,0.00147928996011615,0.00479881893261336,0.000398089177906513,0,0,0,0,0,0,0,0.0316724595613778,0.000318268605042249,0.0076588339288719,0.00104785192525014,0.000307266862364486,0,0.00271278410218656,0.00515630049631,0.00301659115939401,0.00420711957849562,0.00233349530026317,0.00977596768643707,0.00778210131102242,0.00319881888572127,0.000819672161014751,0.00816198426764458,0.00198019793606363,0.0174073578673415,0.000707714061718434,0,0,0.0368882410402875,0.00221554050222039,0,0.000348189409123734,0.00256316363811493,0,0.000242512425757013,0,0,0.000275216734735295,0.00157263618893921,0.0268661801528651,0.000723588978871703,0.0139748454967048,0.000731127744074911,0.00102459013578482,0.0135084427893162,0.000744186050724238,0.042553191218758,0,0,0.00336700334446505,0,0,0,0.00494961993535981,0,0,0,0,0,0,0.000765550241339952,0.00208737148204818,0.0155230198288336,0.00903614476555958,0.00316205527633429,0,0,0.00335064512910321,0,0.000365831365343183,0.00166005713981576,0.00359712229692377,0.00130395099404268,0.000349162000929937,0,0,0,0,0,0.0028864657797385,0.00275245145894587,0,0,0,0.000301114108879119,0.00201694230781868,0,0.000366233289241791,0,0,0,0,0,0,0,0,0,0.00430321096791886,0,0,0,0.00038030045107007,0,0,0,0,0,0,0,0,0,0,0,0,0,0.00039572615060024,0,0,0.000282206863630563,0,0,0,0,0,0,0,0,0,0,0,0,0,0,0,0,0,0,0,0,0,0,0,0,0,0,0,0,0,0,0,0,0,0,0,0,0,0,0,0,0,0,0,0,0,0,0,0,0,0,0,0,0,0,0,0,0,0,0,0,0,0,0,0,0,0,0,0,0.0104046243068296,0,0,0,0,0,0,0,0,0,0,0,0,0,0,0.000304460350889713,0,0,0,0,0,0.00393982822424732,0,0,0,0,0,0,0,0,0,0,0,0,0.000404694466851652,0,0,0,0,0,0,0,0,0,0,0,0,0,0,0,0,0,0,0,0,0,0,0,0,0,0,0.00266112270765007,0,0.0159306310961256,0,0.023817399982363,0.0116517085407395,0,0.00761366114602424,0,0,0,0,0,0.00171692238654941,0,0,0,7.06164792063646e-05
0.106234572667745,0.000998751609586179,0.000982077093794942,0.169038565305527,1.32285043073352,0,0.315430125250714,0,0,0,0,0,0.176140198018402,0.0198752018623054,0.00152555305976421,0.00669068482238799,0,0.0326121028047055,0.312939339724835,0.453097350895405,0.404376775259152,0.594111957907444,0.00999500276520848,0,0,0,0,0,0,0.000436585891293362,0.0059021923225373,0,0.00146914785727859,0,0,0,0,0,0,0,0,0,0,0,0,0,0,0,0,0,0,0,0,0,0,0,0,0,0,0,0,0,0,0,0.000469263264676556,0,0.00031055900035426,0,0,0,0,0,0.00034518467145972,0,0,0,0,0,0,0,0,0,0,0,0,0,0,0.000780792499426752,0,0.000863185152411461,0.00296186609193683,0.00386025873012841,0.000730727100744843,0.0123253904166631,0,0,0,0,0,0,0,0,0,0,0.000455062574474141,0.00776302337180823,0,0,0,0.013608870562166,0.00239062879700214,0.0166944904776756,0,0,0.00053361791651696,0.000417275179643184,0,0,0.000977278337813914,0,0.0222615725360811,0.000395335053326562,0.0159292034804821,0,0.000378501135855913,0,0.00641985854599625,0.0100381446827669,0.00210881480597891,0.00807265401817858,0.0103752756549511,0.0169381104642525,0.0118659157305956,0.0165145585779101,0.0101722727413289,0.0586863595526665,0.00102651841007173,0.0254797105444595,0.0022588660067413,0,0,0,0.00392618763726205,0,0,0.00991267382050864,0,0.000284819136140868,0,0.000355618773028255,0,0,0.00687285233289003,0.100395075045526,0.022727272415068,0.030617051088484,0.000863744353409857,0.236784411768895,0.00626506021944806,0.0856849696720019,0,0,0.0463364109455142,0,0,0.00043696744251065,0.0108303248416632,0.000502765236888081,0,0,0,0.00108205594005994,0,0.00100000004749745,0.00109449110459536,0.032853286160389,0.0184672200703062,0.00365058687748387,0,0,0.00149351253639907,0,0,0.000831773737445474,0.0034156894980697,0.00186219747411087,0.000888296694029123,0,0,0,0,0,0.000798243854660541,0.0013077593757771,0,0.000512032769620419,0,0.000738416099920869,0,0,0,0,0,0,0,0,0,0,0,0,0.00249117705971003,0,0,0,0,0,0,0,0,0,0,0,0,0,0,0,0,0,0.000522329588420689,0,0,0,0,0,0,0,0,0,0,0,0,0,0,0,0,0,0,0,0,0,0,0,0,0,0,0,0,0,0,0,0,0,0,0,0,0,0,0,0,0,0,0,0,0,0,0,0,0,0,0,0,0,0,0,0,0,0,0,0,0,0,0,0,0,0,0,0,0,0,0,0.0045397225767374,0,0,0,0,0,0,0,0,0,0,0,0,0.000294941739412025,0,0,0,0,0,0,0,0.00275292503647506,0,0,0,0,0,0,0,0,0,0,0.000859475694596767,0,0,0,0.000446129823103547,0.000485790631501004,0,0.000502638868056238,0,0,0,0,0,0,0,0,0,0,0,0,0,0,0,0,0,0,0,0,2.88758619717555e-05,0.0025925925874617,0.000276395789114758,0.0213965262228157,0,0.0280469161225483,0.0245805704325903,0.000504795578308403,0.0102898731711321,0,0,0,0,0,0.000741289841243997,0,0,0,0.000147617814945988
0.000288808660116047,0.00248292996548116,0,0.00234914105385542,0.00783057481748983,0.315430125250714,0,0,0,0,0,0,0.00583373859990388,0.00413864478468895,0.000701754412148148,0.00134048261679709,0,0.191767061129212,0.0069108500611037,0.110185781028122,0.00331491697579622,0.447999995201826,0.00248756213113666,0,0,0,0,0,0,0,0.00170212762895972,0,0,0,0,0,0,0,0,0,0,0,0,0,0,0,0,0,0,0,0,0,0,0,0,0,0,0,0,0,0,0,0,0,0,0,0.000494315347168595,0,0,0,0,0,0,0,0,0,0,0.000615195313002914,0,0,0,0,0,0,0,0,0,0,0,0,0,0.000717617513146251,0,0,0,0,0,0,0,0,0,0,0,0.001089918310754,0,0.00159936025738716,0.0012113869888708,0,0,0.00127064797561616,0,0.00444691488519311,0,0,0,0,0,0,0,0,0.00256574735976756,0,0.0018814675277099,0.00189843378029764,0,0,0.000877577869687229,0.00231928867287934,0,0.00156188989058137,0.000300029991194606,0.00106780568603426,0.0027598895248957,0.000887114671058953,0.00378276157425717,0.0145348836667836,0.000579542189370841,0.0126135215396062,0,0,0,0,0.00074074073927477,0,0.000941176491323858,0.00434074876829982,0,0,0,0,0,0,0,0.0796228423714638,0.00431654672138393,0.00107991357799619,0.000894054537639022,0.00584453518968076,0.00227790442295372,0.0239361694548279,0,0,0.16466551925987,0,0,0,0.00196270854212344,0,0,0,0,0,0,0,0.0012953367549926,0.00390243902802467,0.000662032456602901,0.00138792500365525,0,0,0.000240413515712135,0,0,0.00110741972457618,0.00125215214211494,0.00148148147854954,0,0,0,0,0,0,0,0.000911577022634447,0.000700525415595621,0.00132275128271431,0,0,0,0,0,0,0,0,0,0,0,0,0,0,0.000825423048809171,0,0,0,0,0,0,0,0,0,0,0,0,0,0,0,0,0,0,0,0,0,0,0,0,0,0,0,0,0,0,0,0,0,0,0,0,0,0,0,0,0,0,0,0,0,0,0,0,0,0,0,0,0,0,0,0,0,0,0,0,0,0,0,0,0,0,0,0,0,0,0,0,0,0,0,0,0,0,0,0,0,0,0,0,0,0,0,0,0,0.001273074420169,0,0,0,0,0,0,0,0,0,0,0,0,0,0,0,0,0,0,0,0,0,0,0,0,0,0,0,0,0,0,0,0,0,0,0,0,0,0,0,0,0,0,0,0,0,0,0,0,0,0,0,0,0,0,0,0,0,0,0,0,0,0,0.0063502142438665,0,0.009541284176521,0.00512445095228031,0,0.00286995526403189,0,0,0,0,0,0,0,0,0,0
0,0.000774443382397294,0,0,0,0,0,0,0.199969847977627,0.0689528021030128,0.0705838188296184,0.109769482514821,0,0,0.000936914468184114,0,0,0,0,0,0,0,0,0,0.000351864873664454,0.000597996695432812,0.00102023468934931,0,0,0,0,0,0,0,0,0.256823092291597,0.08277957001701,0.00139811250846833,0.0119514474645257,0.202947661455255,0.000389711611205712,0.0101670298026875,0.00912236550357193,0.0113219096092507,0.0150850730133243,0.000387672043871135,0.0065269666374661,0.000365563872037455,0.00582771794870496,0.00761179835535586,0.0498183723539114,0.0959636457264423,0.335379070078488,0.194513708702289,0.411694147915114,0.239986546395812,0,0,0,0.000737735128495842,0,0,0,0,0,0,0.00789473648183048,0.000628831970971078,0,0,0,0.000298730388749391,0.0103537532268092,0.000658436212688684,0.000306278700008988,0,0,0.00264511385466903,0,0.00221279729157686,0,0,0,0,0,0,0.000312793243210763,0,0,0,0,0,0,0,0.0019516002794262,0.046087087423075,0.010008936165832,0,0.0583007447421551,0.0670949313789606,0.00147547025699168,0.000796971493400633,0,0,0.00216021604137495,0.0036333609605208,0,0.000330360082443804,0.00306800758698955,0,0,0,0,0.00238948623882607,0,0.0577859925106168,0.0289605235448107,0,0,0,0,0,0,0,0,0,0,0,0,0.000654129195027053,0,0,0.000253100472036749,0,0,0,0.00228408281691372,0.000798084569396451,0,0.00264856801368296,0.00157387368381023,0,0,0.00697375647723675,0.00211304810363799,0.000741152500268072,0.00261480640619993,0.0217550733650569,0.0108207973826211,0.0144457549322397,0.00222160504199564,0,0,0,0,0,0.00310827136854641,0,0.000376647833036259,0,0,0,0,0,0,0,0.00250357660115696,0.00116776954382658,0.000383877166314051,0,0,0,0,0,0,0,0,0,0.000381388264941052,0,0,0,0,0,0,0,0,0.00794912535639014,0.000318623555358499,0.00035316968569532,0,0,0,0.000695894239470363,0,0,0,0,0,0,0,0,0,0,0,0.00102774924016558,0,0,0,0,0,0,0,0.000380879821022972,0,0.00112191477091983,0.0100647018989548,0.00169952414580621,0,0.0131238124449737,0.0023251308593899,0,0.00333611329551786,0.00154535620822571,0.000343406602041796,0.000392464688047767,0,0.000379434641217813,0.000400881952373311,0,0,0,0.00183519907295704,0.00066148501355201,0.0104031205410138,0.000334001349983737,0,0,0,0.000758006470277905,0,0,0,0,0,0,0,0,0,0,0,0,0,0,0,0,0,0,0,0,0,0,0,0,0,0,0,0,0,0,0,0,0,0,0,0.0009198221960105,0,0.000352609320543706,0,0,0,0,0,0,0,0,0,0,0,0,0,0,0,0,0,0,0,0,0,0,0,0,0,0,0,0,0,0,0,0,0,0,0,0,0,0,0,0,0,0,0,0,0,0,0,0,0,0,0,0,0,0,0,0,0,0,0,0,0,0,0.000390472472645342,0,0,0,0,0,0,0,0,0,0,0,0,0,0,0,0,0,0,0,0.000539604108780622,0.071404680449632,0.193187229524483,0.0393788698420394,0.0322482498013414,0.00688582863949705,0.00731784911477007,0,0.033300471957773,5.56498525838833e-05,0.00017186559853144,0.000693882277118973,0,0.000306372559862211,0.000216122760321014,0,0,0.00021211156854406,0.0101921648019925
0,0,0,0,0,0,0,0.199969847977627,0,0.00542925018817186,0.00350877206074074,0.0066912011243403,0,0,0.000509294623043388,0,0,0,0,0,0,0,0,0.000736919697374105,0,0.000474833796033636,0,0,0,0,0,0,0,0,0,0.663608584785834,0.0566308224806562,0.00123266561422497,0.0687977790366858,0.000583771150559187,0,0.0178159017814323,0.00103066221345216,0,0.00930521084228531,0,0.00239162938669324,0,0.00597213010769337,0.00431965431198478,0.334926388808526,0.423976018355461,0.689520081505179,0.0842283812817186,0.00906272340216674,0.00346320332027972,0,0,0,0,0,0,0,0,0,0,0.00429435874684714,0.000514933082740754,0,0,0,0,0.00670091598294675,0.000555864360649139,0.000493461615405977,0,0,0.000462107214843854,0,0.00135777320247144,0,0,0,0,0,0,0,0,0,0,0,0,0,0,0,0.00427960068918765,0.00256574735976756,0,0.010797078080941,0.0978573721367866,0.00135823432356119,0,0.0047999998787418,0.00137362640816718,0.00324886292219162,0.0027948574279435,0,0,0.00176991149783134,0,0.000697836687322706,0,0,0.00314341858029366,0.000822706730104983,0.0903337175259367,0.0120336946565658,0,0,0,0,0,0.000624414591584355,0.00125628139358014,0,0,0,0,0,0,0,0,0,0,0,0,0,0,0.000643086794298142,0,0,0,0,0.000672947498969734,0,0.00136986305005848,0.00164744647918269,0.00140227866359055,0.00196039996808395,0.00185744138434529,0.000423280434915796,0,0,0,0,0,0.00241400115191936,0,0,0,0,0,0,0,0,0,0.00963081896770746,0.00150319433305413,0,0,0,0,0.000712758395820856,0,0,0.000639590667560697,0,0,0,0,0,0,0,0,0,0,0,0,0,0,0,0,0,0,0,0,0,0,0,0,0,0,0,0,0,0,0.00120481930207461,0,0.000747104990296066,0,0,0,0,0,0,0.000696621369570494,0.00194363464834169,0,0,0.000603500287979841,0.000745156488846987,0,0,0,0.00358530040830374,0,0,0,0.00159235671162605,0,0,0.000440044008428231,0,0,0.00180018006358296,0,0,0,0,0,0,0,0,0,0,0,0,0,0,0,0,0,0,0,0,0,0,0,0,0,0,0,0,0,0,0,0,0,0,0,0,0,0,0,0,0,0,0,0,0,0,0,0,0,0,0,0,0,0,0,0,0,0,0,0,0,0,0,0,0,0,0,0,0,0,0,0,0,0,0,0,0,0,0,0,0.000496647611726075,0,0,0,0,0,0,0,0,0,0,0,0,0,0,0,0,0,0,0,0,0,0,0,0,0.00226843095151708,0,0,0,0,0,0,0,0,0,0,0,0,0,0,0,0,0,0.000703977479133755,0,0.000117742289148737,0.0257302533427719,0.0358168613747694,0.0428416491486132,0.0292897241888568,0.00183851685142145,0.012076660990715,0,0.0129284426511731,8.64540870679775e-05,0.000218340617720969,0,0,0,0.000295115838525817,0,0,0,0.00325833982788026
0,0.00270087784156203,0,0,0,0,0,0.0689528021030128,0.00542925018817186,0,0.0523432723712176,0.49046017928049,0,0,0.000735294132027775,0,0,0,0,0,0,0,0,0,0,0.001331114792265,0,0,0,0,0,0,0,0,0,0,0.00379027146846056,0.000981354271061718,0,0.00180261384230107,0.00138121552299708,0.00109649123623967,0.00972326134797186,0.0105189339956269,0,0,0.00374181475490332,0.00335758260916919,0.00332042074296623,0.010184595361352,0.00149105361197144,0.0157977885100991,0.00646551721729338,0.0188760195160285,0.00401875411625952,0.0124003540258855,0,0,0,0,0,0,0,0,0,0,0.0163432080298662,0.0022413149708882,0,0,0,0,0.0165137610747479,0,0,0,0.000521512411069125,0.00512656196951866,0,0.00230017257854342,0,0,0,0.000551571953110397,0,0,0,0,0,0,0,0,0,0,0.00416666676755995,0.224074688740075,0.0847723694751039,0.00232153222896159,0,0,0,0,0,0,0.00106894713826478,0.000843525922391564,0,0.00084388186223805,0.000916170421987772,0,0,0,0,0,0.00490196084138006,0.00176289118826389,0.0122815302456729,0,0,0,0,0,0,0.00101163377985358,0,0,0,0,0,0,0,0,0.000474158383440226,0,0,0,0.000602228217758238,0.000521648384165019,0.00210194429382682,0,0.0014295926084742,0,0,0.0056657224195078,0.0100250623654574,0.00583771150559187,0,0.00133392619318329,0.00513610662892461,0.00774193578399718,0.00341102911625057,0,0,0,0,0,0,0,0,0,0,0,0,0,0,0,0.00104821799322963,0,0,0,0,0,0,0.00271002715453506,0,0,0,0,0,0,0,0,0,0,0,0,0,0.000390472472645342,0,0,0,0.00116144015919417,0,0,0,0,0,0,0,0,0,0,0,0,0,0.00557103054597974,0,0,0,0,0,0,0,0,0,0,0.00106382975354791,0,0,0.00474608445074409,0.0108327688649297,0,0.0129813930834644,0.00717617513146251,0,0,0,0,0.00153256708290428,0,0,0,0,0,0.00247142417356372,0,0,0,0,0.00251098559238017,0,0,0,0,0,0,0,0,0,0,0,0,0,0,0,0,0,0,0,0,0,0,0,0,0,0,0,0,0,0,0,0,0,0,0,0.00211342022521421,0,0,0.00102249486371875,0,0,0,0,0,0,0,0,0,0,0,0,0,0,0,0,0,0,0,0,0,0,0,0,0,0,0,0,0,0,0,0,0,0,0,0,0.000709219835698605,0,0,0,0,0,0,0,0,0,0,0,0,0,0,0,0,0,0,0,0,0,0,0,0,0.00139082060195506,0,0,0,0,0,0,0,0,0,0,0,0,0,0,0,0,0,0,0,0,0.000966650550253689,0.137521225260571,0.00453882315196097,0.00276816613040864,0,0,0,0.00146923784632236,0,0,0.000805964111350477,0.000641539692878723,0,0.000359066412784159,0,0,0,0.000244170427322388
0,0.00433526001870632,0,0.000303766719298437,0,0,0,0.0705838188296184,0.00350877206074074,0.0523432723712176,0,0.41661720816046,0,0,0,0,0,0.000532339618075639,0,0,0,0,0,0,0,0.00137551582884043,0,0,0,0,0,0,0,0,0,0,0.00134589499793947,0,0,0.00848256354220212,0.00148038484621793,0,0.0271633686497808,0.0450090731028467,0,0,0,0.00118343194480985,0,0.00407055637333542,0.00101858924608678,0.00756552314851433,0.00341102911625057,0.00358102051541209,0.0138456211425364,0.496066629420966,0,0,0,0,0,0,0,0,0,0,0.0717465292545967,0,0,0,0,0,0.305074058938771,0.00348735833540559,0,0,0,0.0998677218449302,0,0.0682095037773252,0,0,0,0,0,0,0,0,0,0,0,0,0,0,0.00446760992053896,0.0254996551666409,0.0385887554148212,0.00123001227620989,0.00216802163049579,0,0,0,0,0,0.0011273956624791,0,0,0,0.000958772783633322,0,0,0,0,0.00161160354036838,0,0.005524861975573,0.0138613865710795,0,0,0,0,0,0.00105318590067327,0,0,0,0,0,0,0.000856898026540875,0,0.00113668653648347,0.000970638182479888,0,0,0,0.0049627791158855,0.00267594325123355,0.00221483944915235,0.00707964599132538,0.0199692780151963,0,0.00080873433034867,0.00839328556321561,0.00842992588877678,0.00247524748556316,0,0.0136332650436088,0.00895443820627406,0.0239760233089328,0.0134463602444157,0,0,0,0,0,0.00796019937843084,0,0,0,0,0,0,0,0,0,0.00110436219256371,0.00147383939474821,0,0,0,0,0,0,0,0,0,0,0,0,0,0,0,0,0,0,0,0,0,0,0,0,0,0,0,0,0,0,0,0,0,0,0,0,0,0.000972289766650647,0,0,0,0,0,0,0,0,0,0,0,0,0,0.00298507476691157,0.0101449278881773,0,0.00271002715453506,0.00297397770918906,0.000978952506557107,0.00152091251220554,0,0,0,0,0,0,0,0,0.00191082805395126,0,0,0,0.00143472023773938,0.00267379684373736,0,0,0,0,0,0,0,0,0,0,0,0,0,0,0,0,0,0,0,0,0,0,0,0,0,0,0,0,0,0,0,0,0,0,0,0.000729394610971212,0,0,0,0,0,0,0,0,0,0,0,0,0,0,0,0,0,0,0,0,0,0,0,0,0,0,0,0,0,0,0,0,0,0,0,0,0,0,0,0,0,0,0,0,0,0,0,0,0,0,0,0,0,0,0,0,0,0,0,0,0,0,0,0,0,0,0,0,0,0,0,0,0.00124455511104316,0,0,0,0,0,0,0,0,0,0,0,0,0.0012226433318574,0.0693391123786569,0.00164690383826382,0.000716075883246958,0,0.000798403169028461,0,0.00074794318061322,0,0.000509164994582534,0.00123304562293924,0,0,0.000730860570911318,0,0,0,8.17127001937479e-05
0,0.00131319765932858,0,0,0,0,0,0.109769482514821,0.0066912011243403,0.49046017928049,0.41661720816046,0,0,0,0.000724112964235246,0,0,0,0,0,0,0,0,0,0,0.000656383344903588,0,0,0,0,0,0,0,0,0,0,0.00123076920863241,0,0,0.00796107924543321,0.00134228193201125,0,0.0132547864923254,0.00760193506721407,0,0,0,0.00109349365811795,0,0.00247985124588013,0.000491883896756917,0.00677083368645981,0.00948366662487388,0.005056889844127,0.0112285340437666,0.0313043484929949,0,0,0,0,0,0,0.000827129872050136,0,0,0,0.0485093481838703,0,0,0,0,0,0.130434780847281,0.000822030415292829,0,0,0,0.00758773321285844,0,0.00673778797499835,0,0,0,0,0,0,0,0,0,0,0,0,0,0,0.00134952762164176,0.0302532067289576,0.037890424951911,0,0,0,0,0,0.00149812735617161,0,0,0.000828843738418072,0,0,0,0,0,0,0,0,0.00157977885100991,0.00519255723338574,0.00555812870152295,0,0,0,0,0,0,0,0,0,0,0,0,0,0,0,0.000469483580673113,0,0,0,0,0,0,0,0.00416377501096576,0,0.000765696808230132,0.00332042074296623,0.00589101598598063,0.0045584044419229,0,0.00264317187247798,0.00609756074845791,0.01273074420169,0.00674157310277224,0,0,0,0,0,0.000930665410123765,0,0,0,0,0,0,0,0,0,0.00102564098779112,0,0,0,0,0,0,0,0,0,0,0,0,0,0,0,0,0,0,0,0,0.000774593325331807,0,0,0.00126023939810693,0,0,0,0,0,0,0,0,0,0,0,0,0,0,0.00273224042030051,0,0,0,0,0,0,0,0,0,0,0.00104058277793229,0,0,0.000930665410123765,0.00658327830024064,0,0.00339991506189108,0.00424178154207766,0.000916590273845941,0,0,0,0,0,0,0,0,0,0.00182982621481642,0.00085251493146643,0.00113250280264765,0,0,0.00122324156109244,0,0,0,0,0,0,0,0,0,0,0,0,0,0,0,0,0,0,0,0,0,0,0,0,0,0,0,0,0,0,0,0,0,0,0,0.000694203423336148,0.000911577022634447,0,0,0,0,0,0,0,0,0,0,0,0,0,0,0,0,0,0,0,0,0,0,0,0,0,0,0,0,0,0,0,0,0,0,0,0,0,0,0,0,0,0,0,0,0,0,0,0,0,0,0,0,0,0,0,0,0,0,0,0,0,0,0,0,0,0,0,0,0,0,0,0,0,0,0,0,0,0,0,0,0,0,0,0,0.00312575140560511,0.153975604218431,0.00418612154317088,0.0027285129763186,0,0,0,0.00109349374542944,0,0.000250156357651576,0.00159840157721192,0,0,0,0,0,0,0.000243753798713442
0.0698940126458183,0.00239808158949018,0.418202764587477,0.0314502040855587,0.58139532484347,0.176140198018402,0.00583373859990388,0,0,0,0,0,0,0.0391959794797003,0.00825593364425004,0.167850225698203,0,0.00197970797307789,0.469414878753014,0.0568603207357228,0.0192822706885636,0.0232429452007636,0.00480480492115021,0.00118063751142472,0,0,0,0.000874890654813498,0,0,0.108018276514485,0,0.00801373762078583,0,0,0,0,0,0,0,0,0,0.000699056254234165,0,0,0.00120336946565658,0,0,0,0.00227531278505921,0,0,0,0,0,0,0,0,0,0,0,0,0.000780335569288582,0,0,0,0,0,0,0,0,0,0.000578536302782595,0,0,0,0,0,0.00111172872129828,0.00103842164389789,0,0,0,0,0,0,0,0,0,0.000870700925588608,0,0.000703234865795821,0.000637551827821881,0,0,0,0.000953288865275681,0,0,0,0,0,0.00270270276814699,0.00211416487582028,0,0.00234558252850547,0.00234192027710378,0,0,0,0,0.00107758620288223,0,0,0,0,0.000868055562023073,0,0,0,0.0272277223411947,0,0.00824553379788995,0.0129390020156279,0.00271462509408593,0,0,0.00680786662269384,0.0041580043034628,0.00381970981834456,0,0.00052590062841773,0.00363223603926599,0,0,0.00142399431206286,0.00114025082439184,0.0134294952149503,0.00287081336136907,0,0.00126103404909372,0.0888192246202379,0.00290170474909246,0,0,0.038947366643697,0,0,0,0.000608457543421537,0.00161943328566849,0.0262295082211494,0,0,0.0069108500611037,0.0146673657000065,0.00261551875155419,0.106334846233949,0.00220628781244159,0.00256246002390981,0.000973235990386456,0,0,0,0,0,0.00477326975669712,0,0,0,0,0,0.00447928346693516,0.0132291041081771,0.00890302064362913,0.010441385791637,0.000649772584438324,0.00667556771077216,0,0,0.000716332375304773,0,0,0.000824062619358301,0.000620539882220328,0.000973946938756853,0,0,0,0,0,0,0,0.00266548205399886,0,0,0,0,0.00143266480881721,0,0,0,0,0,0,0,0,0,0,0,0.00322580640204251,0,0,0,0,0,0,0,0,0,0,0,0,0,0,0,0,0,0.00134048261679709,0,0,0,0,0,0,0,0,0,0,0,0,0,0,0,0,0,0,0,0,0,0,0,0,0,0,0,0,0,0,0,0,0,0,0,0,0,0,0,0,0,0,0,0,0,0,0,0,0,0,0,0,0,0,0,0,0,0,0,0,0,0,0,0,0,0,0,0,0,0,0,0.00737100723199546,0,0,0,0,0,0,0,0,0,0,0,0,0,0,0,0,0,0,0,0,0.00296735891606659,0,0,0,0,0,0,0,0,0,0,0,0,0,0,0,0,0,0,0,0,0,0,0,0,0,0,0,0,0,0,0,0,0,0,0,0,0,0,2.98841987387277e-05,0.00378116499632597,0,0.0103838892246131,0.000649983761832118,0.0141637921042275,0.00573682319372892,0,0.0198863642290235,0,0,0,0,0,0.00069480633828789,0,0,0,0.000161550895427354
0.0142898806952871,0.00647668377496302,0.0248138955794275,0.0160142352688126,0.0309798261732794,0.0198752018623054,0.00413864478468895,0,0,0,0,0,0.0391959794797003,0,0.0186848727753386,0.00280701764859259,0,0.0142966562416404,0.0130434787133709,0.0361445780145004,0.0172117038164288,0.0202020197175443,0.0168721610680223,0,0,0,0.00176991149783134,0,0.00111607147846371,0.0801886804401875,0.495838817907497,0.00908500980585814,0.184842880116776,0.32014177297242,0.475486900890246,0,0.00121506687719375,0.0323655410902575,0,0.000876424193847924,0.0966247509932145,0,0.00949945230968297,0,0,0.00130039011128247,0,0,0,0.00122399022802711,0,0,0,0,0,0,0.00134318333584815,0.0171875002561137,0.0358680059434846,0.233203768730164,0.0140388765139505,0.0323755573481321,0.0213202137965709,0.0125707103870809,0.00222098827362061,0,0.000502638868056238,0,0.0148375544813462,0,0.000869565235916525,0.00780741730704904,0,0.000814995903056115,0.000687521474901587,0,0.00051308365073055,0,0,0,0,0,0,0,0,0,0.00216372159775347,0.000751314801163971,0.00103092787321657,0.00184077315498143,0.00136008160188794,0,0.000663790269754827,0,0,0,0,0,0,0,0,0,0.00147492624819279,0,0,0.00164338538888842,0,0,0,0.00398142007179558,0,0.0011547344038263,0,0.00142755173146725,0,0,0,0,0.0759803948458284,0,0.0576407525222749,0,0.000971345289144665,0.00196078442968428,0,0,0,0.00158730160910636,0.00175361684523523,0,0,0.00163087790133432,0.0056061667855829,0.00135074291029014,0,0.00595903163775802,0.00295508274575695,0.0508083163294941,0.00305188202764839,0,0,0.0122905024327338,0.00151917967014015,0,0.000971817295067012,0.0146396399941295,0,0,0,0.000632311101071537,0.0011170064099133,0,0,0,0.0256991689093411,0.0145658269757405,0.00368663598783314,0.0231143550481647,0.00355239794589579,0.0055671539157629,0.0766442271415144,0.012698412174359,0.00491573038743809,0.0123609392903745,0,0.00567107764072716,0.00608827988617122,0,0.00125865323934704,0.0120761725702323,0.00086542620556429,0,0,0.0025990903377533,0.0013240649132058,0.00302571861539036,0.00135409610811621,0,0.155268019298092,0.00868935557082295,0.00218128932465333,0,0,0.000279446685453877,0.00379626697394997,0.00150640227366239,0,0,0,0,0.00124378106556833,0,0.000784313713666052,0.108133522735443,0.0358680059434846,0.00138408306520432,0,0.00541271967813373,0,0,0,0.000927213695831597,0,0,0,0,0.0101102941553108,0,0.0208741035312414,0.0203539822250605,0.0441426155157387,0,0.0208905993495136,0.00122699385974556,0.0356007618829608,0.00231615523807704,0.00926402513869107,0,0,0.000921658996958286,0.00129870127420872,0.000913241994567215,0,0,0.0127099413657561,0.00677966105286032,0,0.00242424244061112,0.0102339182049036,0.00720720738172531,0,0.00058806233573705,0.00109409191645682,0,0.000606060610152781,0,0,0.00316455704160035,0,0,0,0.00223713647574186,0,0.00129954516887665,0,0,0,0,0.000927858985960484,0,0,0.00159426068421453,0,0.00171821308322251,0,0,0,0,0,0,0,0,0,0,0,0.00048309177509509,0.00171895138919353,0,0.00191570876631886,0.000737735128495842,0,0,0,0,0,0,0,0,0,0,0,0,0,0,0.0011273956624791,0,0,0,0,0.00213333335705101,0,0,0,0,0,0,0,0,0,0,0.0292553182225674,0,0,0,0,0,0.00276434002444148,0.000595770019572228,0.0008463817066513,0,0,0,0.000953516107983887,0.000925925909541547,0.00108166574500501,0.00346860906574875,0.00262295082211494,0.0018581603653729,0,0,0,0,0,0,0,0,0,0,0,0,0,0,0.00091199268354103,0,0.00477707013487816,0,0.00692383747082204,0,0.00239377608522773,0.00922266149427742,0.0652898084372282,0.00983606558293104,0.000765696808230132,0.00121876900084317,0,0,0.00104004156310111,0,0,0,0,0,0,0,0,0.00094384141266346,0,0,0,0,2.99396724585677e-05,0.00143902146373875,0.00460732969804667,0.00609756115591154,0.000677277334034443,0.00780234049307182,0.0015009380877018,0.00133244507014751,0.0029048656579107,0,0.000249500997597352,0,0.000952683360083029,0,0.0149121255381033,0,0.0012026458280161,0.000344352622050792,8.11820136732422e-05
0.000257234729360789,0.00325071113184094,0.0340055349515751,0.000783187570050359,0.00185500073712319,0.00152555305976421,0.000701754412148148,0.000936914468184114,0.000509294623043388,0.000735294132027775,0,0.000724112964235246,0.00825593364425004,0.0186848727753386,0,0.0145175059442408,0.112990287714638,0.00661977659910917,0.0148019157350063,0.00497718772385269,0.000751879706513137,0,0.0024410089245066,0.00321672693826258,0.00134228193201125,0,0.00440667290240526,0.00194868457037956,0.0952380988164805,0.624958820990287,0.0874999980442226,0.000813669641502202,0.00393700785934925,0.0076628354145214,0.0315876984968781,0,0.00312134227715433,0,0.000754432287067175,0,0.000823723210487515,0.000713266781531274,0,0.000521920679602772,0.0013346680207178,0.181670059682801,0.00128287367988378,0.00216841336805373,0.00430570507887751,0.356722848664504,0,0.00125575551646762,0.000705218641087413,0,0.00100857287179679,0,0,0,0.00086542620556429,0.00147167034447193,0,0.00059031875571236,0,0,0.000735835172235966,0,0.00367647063103504,0,0,0,0,0,0.00188235298264772,0,0,0,0,0.000975371862296015,0,0,0.000656383344903588,0.00105764146428555,0,0,0,0,0,0,0,0,0.000518403307069093,0.000549903779756278,0,0.000601684732828289,0.0256198347196914,0,0.000691802124492824,0,0.00205338816158473,0,0,0,0.00263968325452879,0.00446927372831851,0.0063135742675513,0.00358102074824274,0.000799680128693581,0,0,0.00412541266996413,0,0.0030200076289475,0,0,0,0.000615574012044817,0.000645786232780665,0,0,0,0,0,0.0040322580607608,0.00811633444391191,0.00106951873749495,0,0.000639181875158101,0.00698283361271024,0.00562851765425876,0.0105540901422501,0.00106439599767327,0.00783289794344455,0.0250096195668448,0.0022392236860469,0.00131839155801572,0.00999444723129272,0.0139502441743389,0.0394682164187543,0.0131807144498453,0.000599340710323304,0.00252206803997979,0.19431103853276,0.014647888019681,0.000728597457055002,0.0315966389607638,0.23616784857586,0.000585651549044997,0.00365096755558625,0.00123102174256928,0.0161764715448953,0.00311249445076101,0.00690250238403678,0,0,0.0330357144703157,0.00148038484621793,0.00712666037725285,0.00312377978116274,0.000767459685448557,0.0152931176126003,0.0870786525774747,0,0.00106241705361754,0,0,0,0.0124653736129403,0.00164338538888842,0,0.000651465787086636,0,0,0.0015509887598455,0.0154723121668212,0.00812595244497061,0.0110344830900431,0.00568328611552715,0.00174596242140979,0,0,0.000436252594226971,0,0,0.000495417392812669,0.000276281265541911,0.000816326530184597,0,0,0,0,0,0,0,0.0216819968190975,0.0215924438089132,0,0.00149925041478127,0.000516395550221205,0.000913659227080643,0,0,0,0,0,0,0,0.00581959256669506,0,0.00816326530184597,0.0069247717037797,0.00672166200820357,0,0.00877192988991737,0.00314095010980964,0.00481927720829844,0,0.00139860145282,0,0.00072780204936862,0,0,0,0,0,0.00705128227127716,0.00334448157809675,0,0.0023373588337563,0.0148796502617188,0.00387296662665904,0,0.00138953217538074,0,0,0.000948541623074561,0,0,0,0,0,0,0,0,0,0,0,0,0,0,0,0,0,0,0,0,0,0,0,0,0,0,0,0,0,0,0,0,0,0,0,0,0,0,0,0.00178332591895014,0,0,0,0,0,0,0,0,0,0,0,0,0,0,0,0,0.000670016743242741,0,0,0,0,0.000601142179220915,0,0,0,0.00991325872018933,0,0,0,0,0,0,0,0.00243902439251542,0,0,0,0,0.000763796095270663,0,0.0015789472963661,0.00151247793110088,0.000482392671983689,0,0,0,0,0,0,0,0,0,0,0.000334001349983737,0,0,0,0,0,0.00276115973247215,0,0.00272201420739293,0,0,0.00164271052926779,0.0157154675689526,0.0018717828206718,0,0,0,0,0,0,0,0,0,0,0,0,0,0.00131752307061106,0,0,0,0,8.86027355591068e-05,0.00885911859222688,0.00140548136550933,0.0204224366461858,0.00206718337722123,0.0168253961310256,0.0122836398659274,0,0.0168093378888443,2.89125964627601e-05,0.000895555829629302,0,0,0,0.0106870227318723,0,0,0.000297397782560438,0.000704418285749853
0,0,0.491887260228395,0,0.00156525138299912,0.00669068482238799,0.00134048261679709,0,0,0,0,0,0.167850225698203,0.00280701764859259,0.0145175059442408,0,0.0886699481634423,0,0.523961652070284,0.00379867036826909,0.00307219661772251,0.0016103059751913,0,0.00708591658622026,0,0,0,0,0.00148038484621793,0,0.0130293164402246,0,0.00169204734265804,0,0,0,0,0,0,0,0,0,0,0,0,0.00364630809053779,0,0,0,0.0284995810361579,0,0,0,0,0,0,0,0,0,0,0,0,0,0,0,0,0.00226116459816694,0,0,0,0,0,0.000691562949214131,0,0,0,0,0,0,0,0,0,0,0,0,0,0,0,0,0,0,0,0,0,0.00376647827215493,0,0.00391389441210777,0,0,0,0,0,0.006557377288118,0.00301431794650853,0,0,0,0,0,0.00187617260962725,0,0.00309837330132723,0,0,0,0,0.00115008628927171,0,0,0,0,0,0.0024721878580749,0.00875547190662473,0.00335852219723165,0,0,0.00288600294152275,0.00760869530495256,0.00194836826995015,0.000324780761729926,0,0.00104166672099382,0.000499875051900744,0,0.000891265575774014,0.00135915738064796,0.00462962966412306,0.00262295082211494,0,0,0.0593031896278262,0.00912408751901239,0,0,0.361048692837358,0,0,0,0,0,0.764583373209462,0,0,0.00453514745458961,0.00446428579743952,0,0.0448877820745111,0,0.00200803205370903,0,0,0.000830909819342196,0,0,0,0.00653594790492207,0,0.00174216029699892,0,0,0,0,0.0200364297488704,0.00387596897780895,0.00129701686091721,0,0.00214362260885537,0,0,0,0,0,0,0,0,0,0,0,0,0,0,0,0,0,0,0,0,0,0,0,0,0,0,0,0,0,0,0,0,0,0,0,0,0,0,0,0,0,0,0,0,0,0,0.0011350738350302,0,0,0,0,0,0,0,0,0,0,0,0,0,0,0,0,0,0,0,0,0,0,0,0,0,0,0,0,0,0,0,0,0,0,0,0,0,0,0,0,0,0,0,0,0,0,0,0,0,0,0,0,0,0,0,0,0,0,0,0,0,0,0,0,0,0,0,0,0,0,0,0,0,0,0,0,0,0,0,0,0,0,0,0,0,0,0,0,0,0,0,0,0,0,0,0,0,0,0,0,0,0,0,0,0,0,0,0,0,0,0,0,0,0,0,0,0,0,0,0,0,0,0,0,0,0,0,0,0,0,0,0,0,0,0,0,0.000759686023229733,0,0.00483508879551664,0,0.00202347233425826,0.000899280596058816,0,0.00671008467907086,0,0,0,0,0,0.000385208026273176,0,0,0,8.26617033453658e-05
