0,0,0.091786720789969,2.68378060645773,1.10909837280633,0.178935703952448,0.00391095076338388,0,0,0,0,0,0.127257093437947,0.00230481126345694,0,0.00495279347524047,0,0.0106007071444765,0.0230063724447973,0.0106593576492742,0.00114810559898615,0.0261811605014373,0.00124610587954521,0.000307692302158102,0,0,0,0,0,0,0.00465052641811781,0,0,0,0,0,0,0,0,0,0,0,0,0,0.000266382528934628,0,0,0,0,0.000288892100797966,0,0,0,0,0,0,0,0,0,0,0,0,0,0,0,0,0,0,0,0,0,0,0.000244409136939794,0,0,0,0,0,0,0,0,0,0,0,0,0,0,0,0,0,0,0,0,0,0,0,0,0,0,0,0,0,0,0.000590754672884941,0,0,0,0,0,0,0,0,0,0,0,0,0,0,0,0,0.162515194824664,0,0,0,0,0.000286738359136507,0.0049648322747089,0.000292354932753369,0,0.00249411124968901,0,0.000247647345531732,0,0.00591233435261529,0.00801960326498374,0.000240384615608491,0,0.00906666676746681,0,0,0,0.0215145074762404,0,0,0,0,0,0,0,0,0,0.000306701433146372,0.0779104453395121,0,0.00188738596625626,0,0,0.00207039329688996,0.00151584055856802,0.083595224074088,0,0,0.000277008308330551,0,0,0,0.00056657224195078,0.000300571089610457,0,0,0,0.00044994376366958,0,0,0,0.00417910434771329,0.000274574413197115,0,0,0,0,0,0,0.0253094395447988,0,0,0,0,0,0,0,0,0,0,0,0,0,0,0,0,0,0,0,0,0,0,0,0,0,0,0,0,0,0,0,0,0,0,0,0,0,0,0,0,0,0,0,0,0,0,0,0,0,0,0,0,0,0,0,0,0,0,0,0,0,0,0,0,0,0,0,0,0,0,0,0,0,0,0,0,0,0,0,0,0,0,0,0,0,0,0,0,0,0,0,0,0,0,0,0,0,0,0,0,0,0,0,0,0,0,0,0,0,0,0,0,0,0,0,0,0,0,0,0,0,0,0,0,0,0,0,0,0,0,0,0,0,0,0,0,0,0,0,0,0,0,0,0,0,0,0,0,0,0,0,0,0,0,0,0,0,0,0,0,0,0,0,0,0,0,0,0,0,0,0,0,0,0,0,0,0,0,0,0,0,0.0342408069991507,0.00026406126562506,0,0,0,0,0,0,0,0,0,0,0,8.44273745315149e-05
0,0,0,0,0.000997755094431341,0.001207364955917,0,0,0,0.00163800164591521,0,0,0.0015735641354695,0,0,0,0,0,0.00826446292921901,0.0139534883201122,0.0523394127376378,0.00212992541491985,0.33660588786006,0,0,0,0.00132362672593445,0,0,0,0,0,0,0,0,0,0,0,0,0,0,0,0,0,0,0,0,0,0,0,0,0,0,0,0,0,0,0,0,0,0,0,0,0,0,0,0,0,0,0,0,0,0.00161550892516971,0,0,0,0,0,0,0,0,0.00131319765932858,0,0,0,0,0,0,0,0,0,0,0,0,0,0,0,0,0,0,0,0.0067950168158859,0.00262812082655728,0.00375939859077334,0,0,0,0,0,0,0,0,0,0,0,0,0.0022701476700604,0,0,0,0,0,0,0,0,0,0.0012953367549926,0,0.00165425974410027,0.00397350999992341,0,0,0.00213827518746257,0.0102364124322776,0.033628859964665,0.00153080746531487,0.0309544291812927,0.968209736980498,0.00813008146360517,0.146469050087035,0.0943396240472794,0,0.00732600723858923,0,0.00149588636122644,0,0,0,0,0.00581184169277549,0,0,0,0,0,0.445887445472181,0.341494834865443,0.00189573457464576,0.128089888952672,0,0,0,0,0,0,0,0,0,0,0,0,0.000628338020760566,0,0,0,0.0161127895116806,0.00507292337715626,0.00232288031838834,0,0,0,0,0,0,0,0,0,0,0,0,0,0,0,0,0,0,0,0,0,0,0,0,0,0,0,0,0,0,0,0,0,0,0,0,0,0,0,0,0,0,0,0,0,0,0,0,0,0,0,0,0,0,0,0,0,0,0,0,0,0,0,0,0,0,0,0,0,0,0,0,0,0,0,0,0,0,0,0,0,0,0,0,0,0,0,0,0,0,0,0,0,0,0,0,0,0,0,0,0,0,0,0,0,0,0,0,0,0,0,0,0,0,0,0,0,0,0,0,0,0,0,0,0,0,0,0,0,0,0,0,0,0,0,0,0,0,0,0,0,0,0,0,0,0,0,0,0,0,0,0,0,0,0,0,0,0,0,0,0,0,0,0,0,0,0,0,0,0,0,0,0,0,0,0,0,0,0,0,0,0,0,0,0.00045177320134826,0.000364033505320549,0,0.0156563627533615,0,0,0.000445434299763292,0,0,0,0,0,0,0,0,0,0
0.091786720789969,0,0,0.0192577035340946,0.0461861451622099,0.00167084386339411,0.00164068909361959,0,0,0,0,0,1.11814073426649,0.0185062796808779,0.00942184129962698,1.04457363951951,0.0861313834320754,0.00080160319339484,0.364541843533516,0.0193321618717164,0,0,0.00605449033901095,0,0,0,0,0,0,0,0.0340063758194447,0,0,0,0,0,0,0,0,0,0,0,0,0,0.000962000980507582,0,0,0,0,0.0468540826113895,0,0,0,0,0,0,0,0,0,0,0,0,0,0,0,0,0,0,0,0,0,0,0,0,0,0,0,0.000979911768808961,0,0,0,0,0,0,0,0,0,0,0,0,0,0,0,0,0,0,0,0,0,0,0,0,0,0,0,0,0,0,0,0,0,0,0,0,0,0,0,0,0,0,0.294372302014381,0,0,0.00124688283540308,0,0,0.00109769485425204,0,0,0.00671140942722559,0,0.000755572342313826,0,0.0031956174352672,0.0028176952037029,0,0,0.0125543219619431,0,0,0,0.334963340079412,0.0063956145895645,0,0,0.0930232519749552,0,0,0,0,0.0031486144871451,0.119047619518824,0,0,0,0,0,0.00750187551602721,0.0565068488940597,0,0,0,0,0,0,0,0,0,0,0,0,0,0,0,0,0.00472069240640849,0,0,0,0,0,0,0,0,0,0,0,0,0,0,0,0,0,0,0.000812677782960236,0,0,0,0,0,0,0,0,0,0,0,0,0,0,0,0,0,0,0,0,0,0,0,0,0,0,0,0,0,0,0,0,0,0,0,0,0,0,0,0,0,0,0,0,0,0,0,0,0,0,0,0,0,0,0,0,0,0,0,0,0,0,0,0,0,0,0,0,0,0,0,0,0,0,0,0,0,0,0,0,0,0,0,0,0,0,0,0,0,0,0,0,0,0,0,0,0,0,0,0,0,0,0,0,0,0,0,0,0,0,0,0,0,0,0,0,0,0,0,0,0,0,0,0,0,0,0,0,0,0,0,0,0,0,0.000622664985712618,0,0,0,0,0,0,0,0,0,0,0,0,0,0,0,0,0,0,0,0,0,0,0,0,0,0,0,0,0,0,0,0.000257565989159048,0,0.000346500339219347,0,0.0349809877807274,0.000932400929741561,0,0,0,0,0,0,0,0,0,0,0,0
2.68378060645773,0,0.0192577035340946,0,1.24439331775648,0.125765713863075,0.00106628757202998,0,0,0,0,0,0.07419842062518,0,0,0.00183823533006944,0,0.00463566556572914,0.00702143379021436,0.00360620266292244,0.00571716827107593,0.0135111112613231,0,0,0,0,0,0,0,0,0.000953895068960264,0,0,0,0,0,0,0,0,0,0,0,0,0,0,0,0,0,0,0,0,0,0,0,0,0,0,0,0,0,0,0,0,0,0,0,0,0,0,0,0,0,0,0,0,0,0,0,0,0,0,0,0,0,0,0,0,0,0,0,0,0,0,0,0,0,0,0,0,0,0,0,0,0,0,0,0,0,0,0.000351988739566877,0,0,0,0,0,0,0.000310173694742844,0,0.003886925696861,0,0.032716160727432,0,0,0,0,0.0712126317666844,0.00385232758708298,0.00034364260500297,0,0.00258231116458774,0,0,0.000266951421508566,0.00227557175094262,0.00477566922199912,0.00027401014813222,0,0.00493903364986181,0,0,0.000348068220773712,0.00496360022225417,0,0,0,0,0,0,0,0,0,0,0.0901567190885544,0.000351926806615666,0.000749484752304852,0,0,0.00104511409881525,0.000358680059434846,0.0190903982729651,0,0,0.000645265390630811,0,0,0,0,0,0,0,0,0.000254161888733506,0,0,0,0.00140869873575866,0,0,0,0,0,0,0,0.00775114717544056,0,0,0,0,0,0,0,0,0,0,0,0,0,0,0,0,0,0,0,0,0,0,0,0,0,0,0,0,0,0,0,0,0,0,0,0,0,0,0,0,0,0,0,0,0,0,0,0,0,0,0,0,0,0,0,0,0,0,0,0,0,0,0,0,0,0,0,0,0,0,0,0,0,0,0,0,0,0,0,0,0,0,0,0,0,0,0,0,0,0,0,0,0,0,0,0,0,0,0,0,0,0,0,0,0,0,0,0,0,0,0,0,0,0,0,0,0,0,0,0,0,0,0,0,0,0,0,0,0,0,0,0,0,0,0,0,0,0,0,0,0,0,0,0,0,0,0,0,0,0,0,0,0,0,0,0,0,0,0,0,0,0,0,0,0,0,0,0,0,0,0,0,0,0,0,0,0,0,0,0,0,0.0386843195010442,0,0,0.000217959895962849,0,0,0,0,0,0,0,0,0,0
1.10909837280633,0.000997755094431341,0.0461861451622099,1.24439331775648,0,1.31244292116025,0.0257020473363809,0,0.000336473749484867,0,0,0,0.50132392346859,0.00133451956207864,0,0.00896637642290443,0,0.0237312891113106,0.0431402061367407,0.0179568063758779,0.0698805844876915,0.351428567664698,0.00503271236084402,0,0,0,0,0,0,0,0,0,0,0,0,0,0,0,0,0,0,0,0,0,0,0,0,0,0,0,0,0.000309166789520532,0,0,0,0,0,0,0,0,0,0,0,0,0,0,0,0,0,0,0,0,0,0,0,0,0,0,0,0,0,0,0,0,0,0,0,0,0,0,0,0,0,0,0,0,0,0,0,0,0,0,0,0,0,0,0,0,0,0,0,0,0,0,0,0,0,0,0,0,0.0299661670578644,0,0,0,0,0,0.0295525492401794,0,0,0.00251519592711702,0.000629392656264827,0.00106571934884414,0.00065930443815887,0.0122216189629398,0.0731781976646744,0.000680967001244426,0,0.0482785903732292,0,0,0,0.00822688901098445,0,0,0,0.00090867787366733,0,0,0,0,0,0,0.0973201704618987,0,0.00971370120532811,0,0,0.00834105658577755,0.0024090580700431,0.0336906595621258,0,0,0.00795978214591742,0,0,0,0.00346770696341991,0,0,0,0,0.000931098737055436,0.000464576063677669,0,0,0.00658204051433131,0,0.000485201366245747,0,0,0,0,0,0.00334128882968798,0,0,0,0,0,0,0,0,0,0,0,0,0,0,0,0,0,0,0,0,0,0,0,0,0,0,0,0,0,0,0,0,0,0,0,0,0,0,0,0,0,0,0,0,0,0,0,0,0,0,0,0,0,0,0,0,0,0,0,0,0,0,0,0,0,0,0,0,0,0,0,0,0,0,0,0,0,0,0,0,0,0,0,0,0,0,0,0,0,0,0,0,0,0,0,0,0,0,0,0,0,0,0,0,0,0,0,0,0,0,0,0,0,0,0,0,0,0,0,0,0,0,0,0,0,0,0,0,0,0,0,0,0,0,0,0,0,0,0,0,0,0,0,0,0,0,0,0,0,0,0,0,0,0,0,0,0,0,0,0,0,0,0,0,0,0,0,0,0,0,0,0,0,0,0,0,0,0.000372162263374776,0.000260145694483072,0,0,0.113550890120678,0.000780031201429665,0,0,0,0,0,0,0,0,0,0,0,0
0.178935703952448,0.001207364955917,0.00167084386339411,0.125765713863075,1.31244292116025,0,0.359954376937822,0,0,0,0,0,0.176225236034952,0.000526315765455365,0,0.00120518228504807,0.00109379272907972,0.110414054011926,0.421756302472204,0.148905103560537,0.193936220020987,0.763127822254319,0.0237949960283004,0,0,0,0,0,0,0,0,0,0,0,0,0,0,0,0,0,0,0,0,0,0,0,0,0,0,0,0,0,0,0,0,0,0,0,0,0,0,0,0,0,0,0,0,0,0,0,0,0,0,0,0,0,0,0,0,0,0,0,0,0,0,0,0,0,0,0,0,0,0,0,0,0,0,0,0,0,0,0,0,0.00110223202500492,0,0.000459453236544505,0,0,0,0,0,0,0,0,0,0,0,0,0,0,0.020337012829259,0.000916030519874766,0,0,0,0,0.00973472837358713,0,0.000529941695276648,0.00245398783590645,0,0.00121605192543939,0,0.00509898003656417,0.0843043192871846,0.000772499013692141,0,0.0968334087810945,0,0,0,0.00152944168075919,0.000446827529231086,0,0,0.00215866160579026,0,0,0,0.000376081239664927,0,0,0.00843170302687213,0.0522178568062373,0.00435323372948915,0.00630553165683523,0,0.270165733527392,0.00752532598562539,0.0130353823187761,0,0,0.0652280551730655,0,0,0,0.00102092907764018,0,0,0,0,0.000347947119735181,0,0,0,0.00337268121074885,0.00048285853699781,0.00116754230111837,0,0,0,0,0,0.00156168668763712,0,0,0,0,0,0,0,0,0,0,0,0,0,0,0,0,0,0,0,0,0,0,0,0,0,0,0,0,0,0,0,0,0,0,0,0,0,0,0,0,0,0,0,0,0,0,0,0,0,0,0,0,0,0,0,0,0,0,0,0,0,0,0,0,0,0,0,0,0,0,0,0,0,0,0,0,0,0,0,0,0,0,0,0,0,0,0,0,0,0,0,0,0,0,0,0,0,0,0,0,0,0,0,0,0,0,0,0,0,0,0,0,0,0,0,0,0,0,0,0,0,0,0,0,0,0,0,0,0,0,0,0,0,0,0,0,0,0,0,0,0,0,0,0,0,0,0,0,0,0,0,0,0,0,0,0,0,0,0,0,0,0,0,0,0,0,0,0,0,0,0,0,0,0,0,0,0,0.000397930765757337,0,0.00024816975928843,0,0.0728766433894634,0,0,0,0,0,0,0,0,0,0,0,0,0
0.00391095076338388,0,0.00164068909361959,0.00106628757202998,0.0257020473363809,0.359954376937822,0,0,0,0,0,0,0.00273224036209285,0,0,0,0,0.364315356535371,0.0152339495252818,0.0151946814730763,0,0.139575972803868,0,0,0,0,0,0,0,0,0,0,0,0,0,0,0,0,0,0,0,0,0,0,0,0,0,0,0,0,0,0,0,0,0,0,0,0,0,0,0,0,0,0,0,0,0,0,0,0,0,0,0,0,0,0,0,0,0,0,0,0,0,0,0,0,0,0,0,0,0,0,0,0,0,0,0,0,0,0,0,0,0,0.00159108988009393,0,0,0,0,0,0,0,0,0,0,0,0,0,0,0,0,0,0,0,0,0,0,0.0172711577033624,0,0,0,0,0,0,0.00372439483180642,0.0542725169798359,0.000712758395820856,0,0.112789526581764,0,0,0,0,0,0,0,0,0,0,0,0,0,0,0,0.218487397069111,0,0,0,0.00160256412345916,0,0.00941176433116198,0,0,0.245017577777617,0,0,0,0.00129366107285023,0,0,0,0,0,0,0,0,0.00168634066358209,0,0,0,0,0,0,0,0,0,0,0,0,0,0,0,0,0,0,0,0,0,0,0,0,0,0,0,0,0,0,0,0,0,0,0,0,0,0,0,0,0,0,0,0,0,0,0,0,0,0,0,0,0,0,0,0,0,0,0,0,0,0,0,0,0,0,0,0,0,0,0,0,0,0,0,0,0,0,0,0,0,0,0,0,0,0,0,0,0,0,0,0,0,0,0,0,0,0,0,0,0,0,0,0,0,0,0,0,0,0,0,0,0,0,0,0,0,0,0,0,0,0,0,0,0,0,0,0,0,0,0,0,0,0,0,0,0,0,0,0,0,0,0,0,0,0,0,0,0,0,0,0,0,0,0,0,0,0,0,0,0,0,0,0,0,0,0,0,0,0,0,0,0,0,0,0,0,0,0,0,0,0,0,0,0,0,0,0,0,0.0104347826563753,0,0,0,0,0,0,0,0,0,0,0,0,0
0,0,0,0,0,0,0,0,0.16249463101849,0.185928738908842,0.189741617068648,0.140228743955959,0,0,0,0,0,0,0,0,0,0,0,0,0,0.000923218962270766,0,0,0,0,0,0,0,0,0,0.161363631254062,0.206883722101338,0,0.0153956314898096,0.481264255009592,0.00152235967107117,0.0220003387948964,0.010177332238527,0.00315109500661492,0,0,0.00588523806072772,0,0.00546050257980824,0.000362056482117623,0.0193373736692593,0.0162320389645174,0.516865584184416,0.415273631806485,0.0813591050100513,0.184669605107047,0,0,0,0.000737463124096394,0,0.000695168564561754,0.000329163915012032,0,0,0,0.00933706818614155,0.00668507453519851,0,0.000658653036225587,0.000634920608717948,0,0.0451061327476054,0.00135685212444514,0.000643190229311585,0,0.000583430577535182,0.06621643845574,0.020377358479891,0.0850068224244751,0.0033463470172137,0.00445892650168389,0,0.00107729597948492,0.00091855478240177,0.000269142794422805,0,0,0,0,0.000318623555358499,0,0,0,0,0.167047700495459,0.00476920476648957,0,0.103043640003307,0.0199107447406277,0.00261584453983232,0.0612598716979846,0,0.00260610578698106,0,0.00393700785934925,0,0.00793513873941265,0.00352609320543706,0,0.00188893085578457,0.000723065808415413,0.00116550119128078,0.0170770456606988,0.0456091228988953,0.00319846469210461,0.00560131802922115,0,0,0,0,0,0,0.000354987569153309,0,0,0,0,0,0.000343760737450793,0,0,0,0,0,0,0,0,0,0,0.000745156488846987,0,0,0,0,0,0.00101214571623132,0,0,0.00056649197358638,0,0,0,0,0,0,0,0,0,0,0.000369822490029037,0,0,0,0,0,0.00141317793168128,0.0631779263494536,0.00228832958964631,0,0.000663680082652718,0,0,0,0,0,0,0,0,0,0,0,0,0,0,0,0,0,0,0,0,0,0,0,0,0,0,0,0,0,0,0,0,0,0,0,0,0,0,0,0,0,0,0,0,0,0,0,0,0,0,0,0,0,0,0,0,0,0,0,0,0,0,0,0,0,0,0,0,0,0,0,0,0,0,0,0,0,0,0,0,0,0,0,0,0,0,0,0,0,0,0,0,0,0,0,0,0,0,0,0,0,0,0,0,0,0,0,0,0,0,0,0,0,0,0,0,0,0,0,0,0,0,0,0,0,0,0,0,0,0,0,0,0,0,0,0,0,0,0,0,0,0,0,0,0,0,0,0,0,0,0,0,0,0,0,0,0,0,0,0,0,0,0,0,0,0,0,0,0,0,0,0,0,0,0,0,0,0,0,0,0,0,0,0,0,0,0,0,0,0.000748897931771353,0.139211526053259,0.17859187151771,0.171189547385438,0.0315267987025436,0.00430570507887751,0.00388663960620761,0.000763213145546615,0.0584223677433329,0.000267469062237069,0,0,0,0.00029390153940767,0,0,0,0,0.0214445947931381
0,0,0,0,0.000336473749484867,0,0,0.16249463101849,0,0.0405576676130295,0.0106647703796625,0.013114754576236,0,0,0,0,0,0,0,0,0,0,0,0.000733137829229236,0,0.00145419288310222,0,0,0,0,0,0,0,0,0,0.126590982545167,0.125249836593866,0,0.0771864303387702,0.00106241705361754,0.000693962501827627,0.0277149333269335,0.00583657587412745,0.00503271236084402,0,0,0.0112179492716677,0,0.0019224607385695,0,0.597696868440835,0.339879439736251,0.410211273527239,0.0175226592691615,0.00296809303108603,0.0012113869888708,0,0,0,0,0,0,0.00216041039675474,0,0,0,0.0152973100775853,0.00621118029812351,0,0.0010810811072588,0.00101858924608678,0,0.083881205500802,0,0,0,0.00223064911551774,0,0.057396654272452,0.0348330913111567,0.0039920158451423,0.00751879718154669,0.000520291388966143,0.001187413407024,0,0.00237247918266803,0.000482741976156831,0,0.000616522796917707,0,0.00204918021336198,0,0,0,0,0.0286532950121909,0.00457404227927327,0.00131752307061106,0,0.0799304977990687,0.0946626383811235,0.0865862322971225,0,0.0973657873691991,0.00368437205906957,0.00161160354036838,0,0.00584112131036818,0.0024249772541225,0,0,0.0018993352423422,0,0.0127675553667359,0.00761614646762609,0.0757731986814179,0.0146064370055683,0,0,0,0,0,0,0,0,0,0,0,0.000636132317595184,0,0,0,0,0,0,0,0,0.00268240342848003,0,0.00129785854369402,0.000667779648210853,0,0,0.000631313130725175,0.0018337409128435,0,0.0174402257543989,0.00105023631476797,0.000355429190676659,0.00895904409117065,0,0,0,0,0,0,0,0,0.000707964587491006,0,0,0,0,0,0,0,0.00790754251647741,0.0263705750694498,0.00278648547828197,0.00118483416736126,0.00273672689218074,0,0,0.000719683361239731,0,0,0,0,0,0,0,0,0,0,0,0,0,0,0,0,0,0,0,0,0,0,0,0,0,0,0,0,0,0,0,0,0,0,0,0,0,0,0,0,0,0,0,0,0,0,0,0,0,0,0,0,0,0,0,0,0,0,0,0,0,0,0,0,0,0,0,0,0,0,0,0,0,0,0,0,0,0,0,0,0,0,0,0,0,0,0,0,0,0,0,0,0,0,0,0,0,0,0,0,0,0,0,0,0,0,0,0,0,0,0,0,0,0,0,0,0,0,0,0,0,0,0,0,0,0,0,0,0,0,0,0,0,0,0,0,0,0,0,0,0,0,0,0,0,0,0,0,0,0,0,0,0,0,0,0,0,0,0,0,0,0,0,0,0,0,0,0,0,0,0,0,0,0,0,0,0,0,0,0,0,0,0,0,0,0,0.000354735711880494,0.0456378675153246,0.0484124468639493,0.0492663877957966,0.00466417899588123,0.00231314147822559,0.00736454501748085,0.00139470014255494,0.0491828775266185,0,0,0,0,0,0,0,0,0,0.00974042261077557
0,0.00163800164591521,0,0,0,0,0,0.185928738908842,0.0405576676130295,0,0.571428550640121,0.13193812512327,0.00114678894169629,0,0,0,0,0,0,0,0,0,0,0,0,0,0,0,0,0,0,0,0,0,0,0,0,0,0,0,0,0,0.00754716980736703,0.0119426753371954,0,0,0,0,0,0,0.00764915894251317,0.00651996745727956,0.162384384544566,0.0670995670370758,0.0139480819925666,0.00434782588854432,0,0,0,0,0,0,0,0,0,0,0.060208413284272,0.00131319765932858,0,0,0,0,0.0915564634487964,0,0,0,0,0.000894454366061836,0.00682593847159296,0.0123647600412369,0,0,0,0.000556947954464704,0,0,0,0,0,0,0,0,0,0,0,0.404255325149279,0.00982318306341767,0,0,0,0.00131839152891189,0.00589970499277115,0,0.00390370865352452,0.00222841231152415,0.00088456436060369,0,0,0.0010887315729633,0,0,0,0,0.00333055783994496,0.00687285233289003,0.00165425974410027,0.00357941840775311,0,0,0,0,0,0,0,0,0,0,0,0,0,0,0,0,0,0,0,0,0.00353045016527176,0,0.00123456795699894,0.00130463147070259,0,0,0,0,0,0,0.00141143260407262,0.000480192073155195,0.00309981405735016,0,0,0,0,0,0,0.000987654319033027,0,0,0,0,0,0,0,0,0,0,0.0028169013094157,0,0,0.000912408751901239,0,0,0,0,0,0,0,0,0,0,0,0,0,0,0,0,0,0,0,0,0,0,0,0,0,0,0,0,0,0,0,0,0,0,0,0,0,0,0,0,0,0,0,0,0,0,0,0,0,0,0,0,0,0,0,0,0,0,0,0,0,0,0,0,0,0,0,0,0,0,0,0,0,0,0,0,0,0,0,0,0,0,0,0,0,0,0,0,0,0,0,0,0,0,0,0,0,0,0,0,0,0,0,0,0,0,0,0,0,0,0,0,0,0,0,0,0,0,0,0,0,0,0,0,0,0,0,0,0,0,0,0,0,0,0,0,0,0,0,0,0,0,0,0,0,0,0,0,0,0,0,0,0,0,0,0,0,0,0,0,0,0,0,0,0,0,0,0,0,0,0,0,0,0,0,0,0,0,0,0,0,0,0,0,0,0,0,0,0,0,0.0185929646249861,0.196326530509396,0.00603318231878802,0.00495399843202904,0,0,0,0.00161192822270095,0,0,0,0,0,0,0,0,0,0.000216743428609334
0,0,0,0,0,0,0,0.189741617068648,0.0106647703796625,0.571428550640121,0,0.597304581897333,0,0,0,0,0,0,0,0,0,0,0,0,0,0,0,0,0,0,0,0,0,0,0,0,0,0,0,0,0,0,0,0,0,0,0,0,0,0,0.00111763062886894,0.00239664479158819,0.0399251393973827,0.00132890359964222,0.000893655058462173,0.160320647992194,0,0,0,0,0,0,0,0,0,0,0.000889679708052427,0,0,0,0,0,0.060629315150436,0.00116414437070489,0.000979911768808961,0,0.000746826000977308,0.0274696238338947,0.0445632787887007,0.35541533306241,0.00333055783994496,0.001209921319969,0,0,0,0,0,0,0,0,0,0,0,0,0,0,0.00118133495561779,0,0,0,0.00170357746537775,0.00197433377616107,0,0,0,0,0,0,0,0,0,0,0,0.0139860142953694,0,0.000963855418376625,0,0,0,0,0,0,0,0,0,0,0,0,0,0,0,0,0,0,0,0,0,0,0,0,0.00168067228514701,0,0,0,0,0,0,0.00102354143746197,0.000523286231327802,0.0013874436262995,0,0,0,0,0,0,0,0,0,0,0,0,0,0,0,0,0,0,0.00187617260962725,0,0.00216333149001002,0,0,0,0,0,0,0,0,0,0,0,0,0,0,0,0,0,0,0,0,0,0,0,0,0,0,0,0,0,0,0,0,0,0,0,0,0,0,0,0,0,0,0,0,0,0,0,0,0,0,0,0,0,0,0,0,0,0,0,0,0,0,0,0,0,0,0,0,0,0,0,0,0,0,0,0,0,0,0,0,0,0,0,0,0,0,0,0,0,0,0,0,0,0,0,0,0,0,0,0,0,0,0,0,0,0,0,0,0,0,0,0,0,0,0,0,0,0,0,0,0,0,0,0,0,0,0,0,0,0,0,0,0,0,0,0,0,0,0,0,0,0,0,0,0,0,0,0,0,0,0,0,0,0,0,0,0,0,0,0,0,0,0,0,0,0,0,0,0,0,0,0,0,0,0,0,0,0,0,0,0,0,0,0,0,0,0,0,0,0,0.00498884078115225,0.0750493759405799,0.00355618773028255,0.000805477262474597,0,0,0,0.000432900444138795,0,0,0,0,0,0,0,0,0,0
0,0,0,0,0,0,0,0.140228743955959,0.013114754576236,0.13193812512327,0.597304581897333,0,0,0,0,0,0,0,0,0,0,0,0.00118343194480985,0,0,0.000631313130725175,0,0,0,0,0,0,0,0,0,0,0,0,0,0,0,0,0.00126823084428906,0.00596816965844482,0,0,0,0,0,0,0.00180750107392669,0.000955794530455023,0.0195918367244303,0.00340136047452688,0.00129659648519009,0.0110921498271637,0,0,0,0,0,0,0,0,0,0,0.0323101790854707,0.00112676061689854,0,0,0,0,0.119895746698603,0,0,0,0,0.00218978093471378,0.0172676489455625,0.0300333690829575,0.0009765625,0,0,0,0,0,0,0,0,0,0,0,0,0,0,0.160371518577449,0.00866141729056835,0,0,0,0,0.00107526883948594,0.00115074799396098,0,0.00260983040789142,0,0,0,0,0,0,0,0,0.00234604114666581,0.00359712238423526,0,0,0,0,0,0,0,0,0,0,0,0,0,0,0,0,0,0,0,0,0,0,0.000722021679393947,0,0,0.000981835997663438,0,0.000692520756274462,0,0.000864304252900183,0,0,0.000420609896536916,0.000428357248893008,0.000536193023435771,0,0,0,0,0,0,0,0,0,0,0,0,0,0,0,0,0,0,0,0,0,0,0,0,0,0,0,0,0,0,0,0,0,0,0,0,0,0,0,0,0,0,0,0,0,0,0,0,0,0,0,0,0,0,0,0,0,0,0,0,0,0,0,0,0,0,0,0,0,0,0,0,0,0,0,0,0,0,0,0,0,0,0,0,0,0,0,0,0,0,0,0,0,0,0,0,0,0,0,0,0,0,0,0,0,0,0,0,0,0,0,0,0,0,0,0,0,0,0,0,0,0,0,0,0,0,0,0,0,0,0,0,0,0,0,0,0,0,0,0,0,0,0,0,0,0,0,0,0,0,0,0,0,0,0,0,0,0,0,0,0,0,0,0,0,0,0,0,0,0,0,0,0,0,0,0,0,0,0,0,0,0,0,0,0,0,0,0,0,0,0,0,0,0,0,0,0,0,0,0,0,0,0,0,0,0,0,0,0,0,0,0.00614366744412109,0.161732044449309,0.00556328234961256,0.00180180184543133,0.000335626769810915,0,0,0,0,0,0,0,0,0,0,0,0,0.000316472396661993
0.127257093437947,0.0015735641354695,1.11814073426649,0.07419842062518,0.50132392346859,0.176225236034952,0.00273224036209285,0,0,0.00114678894169629,0,0,0,0.00227531278505921,0,0.35865309368819,0.00123839010484517,0.00291970791295171,0.275420330930501,0.0636297911405563,0.00112107628956437,0,0.02427184546832,0,0,0,0,0,0,0,0.00470145751023665,0,0,0,0,0,0,0,0,0,0,0,0,0,0,0,0,0,0,0,0,0,0,0,0,0,0,0,0,0,0,0,0,0,0,0,0,0,0,0,0,0,0,0,0,0,0,0,0,0,0,0,0,0,0,0,0,0,0,0,0,0,0,0,0,0,0,0,0,0,0.00127632415387779,0,0,0,0,0,0,0,0,0,0,0,0,0,0,0,0,0,0,0,0.0285714282654226,0,0,0,0,0,0.00193517177831382,0,0.0011547344038263,0.00787014234811068,0,0.000691562949214131,0.00120156200136989,0.00605274521512911,0.00527148135006428,0.00127551017794758,0,0.0259067356819287,0,0,0,0.0244550767820328,0,0,0.00107526883948594,0.00961538497358561,0,0,0,0,0.000584624358452857,0.00897531816735864,0,0,0,0,0,0.0481622302904725,0.021231421851553,0,0,0,0,0,0,0,0,0,0,0,0,0,0,0,0,0.00395778380334377,0,0.00289017334580421,0,0,0,0,0,0.0017724210920278,0,0,0,0,0,0,0,0,0,0,0,0,0,0,0,0,0,0,0,0,0,0,0,0,0,0,0,0,0,0,0,0,0,0,0,0,0,0,0,0,0,0,0,0,0,0,0,0,0,0,0,0,0,0,0,0,0,0,0,0,0,0,0,0,0,0,0,0,0,0,0,0,0,0,0,0,0,0,0,0,0,0,0,0,0,0,0,0,0,0,0,0,0,0,0,0,0,0,0,0,0,0,0,0,0,0,0,0,0,0,0,0,0,0,0,0,0,0,0,0,0,0,0,0,0,0,0,0,0,0,0,0,0,0,0,0,0,0,0,0,0,0,0,0,0,0,0,0,0,0,0,0,0,0,0,0,0,0,0,0,0,0,0,0,0,0,0,0,0,0,0,0,0,0,0,0,0,0.000249687902396545,0.000404040416469797,0,0,0.0239782015560195,0,0,0.000398962700273842,0,0,0,0,0,0,0,0,0,0
0.00230481126345694,0,0.0185062796808779,0,0.00133451956207864,0.000526315765455365,0,0,0,0,0,0,0.00227531278505921,0,0.0416666652308777,0.0112812247825786,0.0050664977170527,0,0.0263808742165565,0.00296956207603216,0,0,0,0,0,0,0.0050050049321726,0,0.00577617343515158,0.0524722496047616,0.826398856937885,0.468646879307926,0.0646864706650376,1.05474451719783,0.357393117737956,0,0.00257400260306895,0.206060615368187,0,0.00258955545723438,0.00836820085532963,0,0,0,0.00262237759307027,0.00122249394189566,0,0.0010887315729633,0,0.00234879623167217,0,0,0,0,0,0,0.221625250414945,0.301158295478672,0.0230582526419312,0.0311915151542053,0.430456863716245,0.0382824642583728,0.00532150792423636,0.0625814851373434,0.0823529436020181,0,0,0,0.0276525402441621,0,0,0.0318785581039265,0,0,0,0,0.000658978591673076,0,0,0,0,0.000995024922303855,0,0,0.00147547025699168,0,0.000742115022148937,0.026355420704931,0.00890868622809649,0.0185185179580003,0.0040716610965319,0,0.00256657041609287,0,0,0,0,0,0,0,0,0,0,0,0,0,0,0,0,0.00269723543897271,0.00271554640494287,0,0,0,0,0,0,0,0.158795351162553,0,0.520527858752757,0,0,0,0,0,0,0.00123380625154823,0,0,0,0,0,0,0,0,0,0,0,0,0,0.0628726272843778,0.00417014176491648,0,0.00219298247247934,0.00737100723199546,0,0,0,0,0,0,0,0,0,0,0,0.00129701686091721,0.0116194626316428,0,0.132325136801228,0.0636254481505603,0,0.0337381905410439,0.0905134873464704,0,0.00108695647213608,0,0.00421644409652799,0.0155601667938754,0,0,0,0,0,0,0,0.00148367951624095,0.0777836984489113,0.379012362798676,0,0,0,0,0,0,0,0,0,0,0,0,0.000898069178219885,0.280851054936647,0.00823970045894384,0,0,0,0,0,0,0,0,0,0,0,0.00939947774168104,0,0.00633312214631587,0.0186092061921954,0.0125060127465986,0.0153211554279551,0.00521172629669309,0.00306278723292053,0.0394160568248481,0,0.00106382975354791,0.00458505266578868,0.00114547542762011,0,0.00227272720076144,0,0,0,0.00206718337722123,0.00268096523359418,0,0,0,0.00952885136939585,0,0,0,0,0,0,0.0185399763286114,0.00587803078815341,0,0.00126023939810693,0.0132132135331631,0.00213789427652955,0,0.0023242300376296,0,0,0,0,0.00160000001778826,0,0,0,0,0,0,0,0,0,0,0,0,0,0,0,0,0,0,0,0,0,0,0,0,0,0,0,0,0,0,0,0,0,0,0,0,0,0,0,0,0,0,0,0,0,0,0,0,0,0,0,0,0,0,0,0,0,0,0,0,0,0,0,0,0,0,0,0,0,0,0,0,0.00103412615135312,0,0,0,0,0,0,0,0,0,0,0,0,0,0,0,0,0.00139567337464541,0,0.0132930518593639,0,0,0,0,0,0,0,0,0,0,0,0,0,0,0,0,0,0.00137646251823753,0.00813835207372904,0,0.000752445455873385,0.0948310982203111,0.00234074570471421,0,0.00402267332538031,0,0,0,0,0.000522875809110701,0,0.00104384135920554,0,0,0,0,0,0
0,0,0.00942184129962698,0,0,0,0,0,0,0,0,0,0,0.0416666652308777,0,0.000969461922068149,0.117451062833425,0,0.000982800964266062,0.000922083912882954,0,0,0,0,0,0,0.0326241124421358,0,0.388763034890871,0.361626258236356,0.251973907579668,0,0,0.000811029982287437,0.00444642064394429,0,0,0,0,0,0,0.000687285210005939,0,0,0.00964630191447213,0.463791695656255,0,0.00225648743798956,0.00641282554715872,0.575841576734092,0,0,0,0,0,0,0.00086542620556429,0,0,0.00247422675602138,0.000716332404408604,0.000725952791981399,0,0,0,0,0,0,0,0,0,0,0,0,0,0,0,0,0,0,0,0,0,0,0,0,0,0,0,0,0,0,0,0,0.0280135829234496,0,0,0,0,0,0,0,0.00193236710038036,0.00589970481814817,0.000760167255066335,0,0,0,0,0.000867678958456963,0,0,0,0,0,0,0,0,0,0,0,0,0,0,0,0,0,0,0,0.00709471467416734,0,0.000543773814570159,0.000972053443547338,0.00147819658741355,0.00393013111897744,0.000509943929500878,0,0.0012894906103611,0,0.00081433221930638,0.00337695237249136,0.131983497180045,0.00869565200991929,0,0.00982615281827748,0.0571428571129218,0,0,0,0,0.0109341574134305,0,0,0,0,0,0,0,0.000909504306036979,0,0.0904939800384454,0,0,0,0,0,0.00375657400581986,0.000886524794623256,0,0,0,0,0,0,0,0.00173761951737106,0.000693000678438693,0,0.00148203037679195,0.000819000822957605,0,0,0.000826104893349111,0,0,0,0,0,0,0,0,0,0,0.0155440408852883,0.040664377680514,0.00089166295947507,0.00155520997941494,0.000947867287322879,0.000952834670897573,0.000872219796292484,0,0,0,0,0,0,0.00146145420148969,0,0.0324864641879685,0.0272346360725351,0.0586004802607931,0,0.00254560878966004,0,0.0109489050228149,0,0,0,0,0,0,0,0,0,0.00435255712363869,0.00864304252900183,0,0.00370713626034558,0,0.0450018428382464,0,0,0,0,0,0,0,0,0,0,0,0,0,0,0,0,0,0,0,0,0,0,0,0,0,0,0,0,0,0,0,0,0,0,0,0,0,0,0,0,0,0,0,0,0,0,0,0,0,0,0,0,0,0,0,0,0,0.000863185152411461,0,0,0,0,0,0,0,0,0,0,0,0,0,0,0,0,0,0,0,0,0.000669568136800081,0,0,0,0,0,0,0,0,0.000565291149541736,0,0,0,0.00580551521852612,0.00240384615608491,0,0.00189095491077751,0.0121997715905309,0,0,0,0.00141409377101809,0.00201918231323361,0,0,0,0,0,0,0,0.00266075396211818,0,0.0072668549255468,0,0,0,0,0,0,0,0,0,0,0,0,0,0,0,0,0,0,0,0,0.0136425645905547,0.00348675035638735,0.00235190358944237,0,0.00604037492303178,0.00188916869228706,0,0.011036385782063,0,0.00070821528788656,0.000329815316945314,0,0,0.000965561630437151,0,0,0,0.000311025862174574
0.00495279347524047,0,1.04457363951951,0.00183823533006944,0.00896637642290443,0.00120518228504807,0,0,0,0,0,0,0.35865309368819,0.0112812247825786,0.000969461922068149,0,0.0582877956330776,0,0.781420743558556,0.0277136256918311,0,0,0.00834492361173034,0,0,0,0,0,0,0,0.0124223600141704,0,0,0,0,0,0,0,0,0,0,0,0.000916170421987772,0.000977995106950402,0,0,0,0,0,0.00490998371969908,0,0,0,0,0,0,0,0,0,0,0,0,0,0,0,0,0,0,0,0,0,0,0,0,0,0,0,0,0,0,0,0,0,0,0,0,0,0,0,0,0,0,0,0,0,0,0,0,0,0,0,0,0,0,0,0,0,0,0,0,0,0,0,0,0,0,0,0,0,0,0.0634201569482684,0,0,0,0,0,0,0,0,0.00263852253556252,0,0,0,0,0.00305157154798508,0.000763650226872414,0,0.00222345744259655,0,0,0,0.240469207987189,0.00521648384165019,0,0,0.059285091701895,0,0,0,0,0.000688705244101584,0.309756097849458,0,0,0,0.00215053767897189,0,0.0113100847229362,0.1383928633295,0,0,0,0,0,0,0,0.00147167034447193,0,0,0,0,0,0,0,0,0.00600600591860712,0,0,0,0,0,0,0,0,0,0,0,0,0,0,0,0,0,0,0,0,0,0,0,0,0,0,0,0,0,0,0,0,0,0,0.00125156447757035,0,0,0,0,0,0,0,0,0,0,0,0,0,0,0,0,0,0,0,0,0,0,0,0,0,0,0,0,0,0,0,0,0,0,0,0,0,0,0,0,0,0,0,0,0,0,0,0,0,0,0,0,0,0,0,0,0,0,0,0,0,0,0,0,0,0,0,0,0,0,0,0,0,0,0,0,0,0,0,0,0,0,0,0,0,0,0,0,0,0,0,0,0,0,0,0,0,0,0,0,0,0,0,0,0,0,0,0,0,0,0,0,0,0,0,0,0,0,0,0,0,0,0,0,0,0,0,0,0,0,0,0,0,0,0,0,0,0,0,0,0,0,0,0,0,0,0,0,0,0,0.000533831596840173,0,0,0,0.0152365677058697,0,0,0,0,0,0,0,0,0,0,0,0,0
0,0,0.0861313834320754,0,0,0.00109379272907972,0,0,0,0,0,0,0.00123839010484517,0.0050664977170527,0.117451062833425,0.0582877956330776,0,0,0.325233654817566,0.0149501657579094,0,0,0,0,0,0,0,0,0.00644122390076518,0,0.0236139638582245,0,0,0,0,0,0,0,0,0,0,0,0,0,0.00372960371896625,0.0107166776433587,0,0,0.00130718958098441,0.382051293971017,0,0,0,0,0,0,0,0,0,0,0,0,0,0,0,0,0,0,0,0,0,0,0,0,0,0,0,0,0,0,0,0,0,0,0,0,0,0,0,0,0,0,0,0,0.0172537746839225,0,0,0,0,0,0,0,0,0,0,0,0,0,0,0,0,0,0,0,0,0,0,0,0,0,0.00655200658366084,0,0,0,0,0,0,0,0,0.00107874860987067,0,0,0.000634920608717948,0.000449741404736415,0.00221300148405135,0.000676361203659326,0,0.000935891410335898,0,0,0,0.34900116850622,0.0283813755959272,0,0.00475907186046243,0.513131291954778,0,0,0,0,0.016039481270127,0.0155440414091572,0,0,0,0,0,0.0157255186932161,0.105348458746448,0,0,0,0,0,0,0,0,0,0,0,0,0,0,0,0,0.00149588636122644,0,0,0,0,0,0,0,0,0,0,0,0,0,0,0,0,0,0,0.000791452301200479,0,0,0,0,0,0,0,0,0,0,0,0,0,0,0.00105318590067327,0.00103305780794472,0,0,0,0,0,0,0,0,0,0,0,0,0,0,0,0,0.00167644594330341,0,0,0,0,0,0,0,0,0,0,0,0,0,0,0,0,0,0,0,0,0,0,0,0,0,0,0,0,0,0,0,0,0,0,0,0,0,0,0,0,0,0,0,0,0,0,0,0,0,0,0,0,0,0,0,0,0,0,0,0,0,0,0,0,0,0,0,0,0,0,0,0,0,0,0,0,0,0,0,0,0,0,0,0,0,0,0,0,0,0,0,0,0,0,0,0,0,0,0,0,0,0,0,0,0,0,0,0,0,0,0,0,0,0,0,0,0,0,0,0,0,0,0,0,0,0,0,0,0,0,0,0,0,0.000255395221756771,0,0.000342583080055192,0,0.00225309800589457,0,0,0.000413736037444323,0,0,0,0,0,0,0,0,0,0
0.0106007071444765,0,0.00080160319339484,0.00463566556572914,0.0237312891113106,0.110414054011926,0.364315356535371,0,0,0,0,0,0.00291970791295171,0,0,0,0,0,0.00182232342194766,0.11249463603599,0.00293040298856795,0.00996677717193961,0.000916590273845941,0,0,0,0,0,0,0,0,0,0,0,0,0,0,0,0,0,0,0,0,0,0,0,0,0,0,0,0,0,0,0,0,0,0,0,0,0,0,0,0,0,0,0,0,0,0,0,0,0,0,0,0.000591715972404927,0,0,0,0,0.000873362470883876,0,0,0,0,0,0,0,0,0,0,0,0,0,0,0,0,0,0,0,0,0,0.000850340118631721,0,0.000789577548857778,0,0,0,0,0,0,0,0,0,0,0,0,0,0,0,0,0,0,0,0,0,0,0.0139395956648514,0,0,0.000671366229653358,0,0,0,0.00179468770511448,0.143881857511587,0.226849574479274,0,1.12446353246924,0,0.000764526019338518,0,0,0,0,0,0,0,0,0,0.000473709136713296,0.00045798032078892,0,0,0,0.000943396240472794,0,0,0,0.00169563374947757,0.0037629350554198,0,0,0.442655920051038,0,0,0,0,0,0,0,0,0,0,0,0,0.00487408612389117,0,0,0,0,0,0,0,0,0,0,0,0,0,0,0,0,0,0,0,0,0,0,0,0,0,0,0,0,0,0,0,0,0,0,0,0,0,0,0,0,0,0,0,0,0,0,0,0,0,0,0,0,0,0,0,0,0,0,0,0,0,0,0,0,0,0,0,0,0,0,0,0,0,0,0,0,0,0,0,0,0,0,0,0,0,0,0,0,0,0,0,0,0,0,0,0,0,0,0,0,0,0,0,0,0,0,0,0,0,0,0,0,0,0,0,0,0,0,0,0,0,0,0,0,0,0,0,0,0,0,0,0,0,0,0,0,0,0,0,0,0,0,0,0,0,0,0,0,0,0,0,0,0,0,0,0,0,0,0,0,0,0,0,0,0,0,0,0,0,0,0,0,0,0,0,0,0,0,0,0,0,0,0,0,0,0,0.00067842606222257,0.000287232513073832,0,0.0089908542286139,0,0,0.000335626769810915,0,0,0,0,0,0,0,0,0,0
0.0230063724447973,0.00826446292921901,0.364541843533516,0.00702143379021436,0.0431402061367407,0.421756302472204,0.0152339495252818,0,0,0,0,0,0.275420330930501,0.0263808742165565,0.000982800964266062,0.781420743558556,0.325233654817566,0.00182232342194766,0,0.53699286072515,0.00484261487144977,0.00218102498911321,0.115774236619473,0,0,0,0,0,0,0,0.0240202284185216,0,0,0,0,0,0,0,0,0,0,0,0,0,0,0,0,0,0,0.00167504185810685,0,0,0,0,0,0,0,0,0,0,0,0,0,0,0,0,0,0,0,0,0,0,0,0,0,0,0,0,0,0,0,0,0,0,0,0,0,0,0,0,0,0,0,0,0.00195121951401234,0.000896458979696035,0,0,0,0,0,0,0,0,0,0,0,0,0,0,0,0,0,0,0,0,0.00114942528307438,0,0,0,0.105263156583533,0,0,0,0,0,0,0,0.00168491993099451,0.020161290303804,0.00095999997574836,0,0.00287356320768595,0.0112717472366057,0.00984918419271708,0.000771902734413743,0,0.141163181979209,0,0,0,0.188622761517763,0.0190577027387917,0,0.00152091251220554,0.21805183426477,0,0,0,0.000732332468032837,0.00139082060195506,0.0050505050458014,0,0,0.00317965028807521,0,0,0.848015503725037,0.502304146997631,0,0,0,0.00134138157591224,0,0,0,0.00751314801163971,0,0,0,0,0,0,0,0,0.0164778586477041,0.00128617358859628,0.00238379021175206,0,0,0,0,0,0,0,0,0,0,0,0,0,0,0,0,0,0,0,0,0,0,0,0,0,0,0,0,0,0,0,0,0.00127388536930084,0,0,0,0,0,0,0,0,0,0,0,0,0,0,0,0,0,0,0,0,0,0,0,0,0,0,0,0,0,0,0,0,0,0,0,0,0,0,0,0,0,0,0,0,0,0,0,0,0,0,0,0,0,0,0,0,0,0,0,0,0,0,0,0,0,0,0,0,0,0,0,0,0,0,0,0,0,0,0,0,0,0,0,0,0,0,0,0,0,0,0,0,0,0,0,0,0,0,0,0,0,0,0,0,0,0,0,0,0,0,0.0014035088242963,0,0,0,0.00464396271854639,0,0,0,0,0,0,0,0,0,0,0,0,0,0,0,0,0,0,0,0,0,0,0,0,0,0,0,0,0,0,0,0,0,0,0,0.00107166776433587,0.000454029504908249,0.000365497078746557,0,0.0499999992316589,0,0,0.00134288269327953,0,0,0,0,0,0,0,0,0,0
0.0106593576492742,0.0139534883201122,0.0193321618717164,0.00360620266292244,0.0179568063758779,0.148905103560537,0.0151946814730763,0,0,0,0,0,0.0636297911405563,0.00296956207603216,0.000922083912882954,0.0277136256918311,0.0149501657579094,0.11249463603599,0.53699286072515,0,0.594319031573832,0.142721214797348,1.49333334341645,0,0,0,0,0,0,0,0.00349650357384235,0,0,0,0,0,0,0,0,0,0,0,0,0,0,0,0,0,0,0.00150602404028177,0,0.000602409651037306,0,0,0,0,0,0,0,0,0,0,0,0,0,0,0,0,0,0,0,0,0,0,0,0,0,0,0,0,0,0,0,0,0,0,0,0,0,0,0,0,0,0,0.00172562559600919,0.000845665985252708,0,0,0,0,0,0,0,0.00340136047452688,0,0,0,0,0,0,0,0,0,0,0,0,0,0,0,0,0.00404448946937919,0,0,0,0,0,0.0120772945228964,0,0,0.00739827356301248,0.000313283206196502,0,0.00137080193962902,0.0170818503247574,0.0189181193709373,0.000733944936655462,0,0.831496059894562,0,0.00158856238704175,0.00170648458879441,0.0299319732002914,0,0,0,0.00798084598500282,0,0,0,0.000698080286383629,0,0,0,0,0.00524246413260698,0.268339763279073,0.0012019231216982,0.0462724934332073,0.18562874221243,0.0104031208902597,0,0,0.00492307683452964,0,0,0,0.00819112616591156,0,0,0,0,0.00182094087358564,0,0,0,0.0361990951932967,0,0,0,0,0,0,0,0,0,0,0,0,0,0,0,0,0,0,0,0,0,0,0,0,0,0,0,0,0,0,0,0,0,0,0,0,0,0,0,0,0,0,0,0,0,0,0,0,0,0,0,0,0,0,0,0,0,0,0,0,0,0,0,0,0,0,0,0,0,0,0,0,0,0,0,0,0,0,0,0,0,0,0,0,0,0,0,0,0,0,0,0,0,0,0,0,0,0,0,0,0,0,0,0,0,0,0,0,0,0,0,0,0,0,0,0,0,0,0,0,0,0,0,0,0,0,0,0,0,0,0,0,0,0,0,0,0,0,0,0,0,0,0,0,0,0,0,0,0,0,0,0,0,0,0,0,0,0,0,0,0,0,0,0,0,0,0,0,0,0,0,0,0,0,0,0,0,0,0,0,0,0,0,0,0,0,0,0.000356760603608564,0,0.0424028264824301,0,0,0.000434593646787107,0,0,0,0,0,0,0,0,0,0
0.00114810559898615,0.0523394127376378,0,0.00571716827107593,0.0698805844876915,0.193936220020987,0,0,0,0,0,0,0.00112107628956437,0,0,0,0,0.00293040298856795,0.00484261487144977,0.594319031573832,0,1.30027550086379,0.306688420474529,0,0,0,0,0,0,0,0.000944733095820993,0,0,0,0,0,0,0,0,0,0,0,0,0,0,0,0,0,0,0,0,0,0,0,0,0,0,0,0,0,0,0,0,0,0,0,0,0,0,0,0,0,0,0,0,0,0,0,0,0,0,0,0,0,0,0,0,0,0,0,0,0,0,0,0,0,0,0,0,0,0,0.00143266480881721,0,0,0,0,0,0,0,0,0,0,0,0,0,0,0,0,0,0,0.00143884890712798,0,0,0,0,0,0.00291686929995194,0,0,0.000988630694337189,0,0,0.000602591142524034,0.00173310225363821,0.00845665950328112,0,0.000704473408404738,0.307025157264434,0,0,0,0,0,0,0,0,0,0,0,0.000612369854934514,0,0,0,0,0,0.437021582387388,0.00968522974289954,0.00127551017794758,0.0384889533743262,0,0,0,0,0,0,0,0.00107181130442768,0,0,0,0,0.000541125540621579,0,0,0,0.00132802128791809,0.000956937787123024,0,0,0,0,0,0,0,0,0,0,0,0,0,0,0,0,0,0,0,0,0,0,0,0,0,0,0,0,0,0,0,0,0,0,0,0,0,0,0,0,0,0,0,0,0,0,0,0,0,0,0,0,0,0,0,0,0,0,0,0,0,0,0,0,0,0,0,0,0,0,0,0,0,0,0,0,0,0,0,0,0,0,0,0,0,0,0,0,0,0,0,0,0,0,0,0,0,0,0,0,0,0,0,0,0,0,0,0,0,0,0,0,0,0,0,0,0,0,0,0,0,0,0,0,0,0,0,0,0,0,0,0,0,0,0,0,0,0,0,0,0,0,0,0,0,0,0,0,0,0,0,0,0,0,0,0,0,0,0,0,0,0,0,0,0,0,0,0,0,0,0,0,0,0,0,0,0,0,0,0,0,0,0,0,0,0,0,0,0.00545950853847899,0,0,0,0,0,0,0,0,0,0,0,0,0
0.0261811605014373,0.00212992541491985,0,0.0135111112613231,0.351428567664698,0.763127822254319,0.139575972803868,0,0,0,0,0,0,0,0,0,0,0.00996677717193961,0.00218102498911321,0.142721214797348,1.30027550086379,0,0.0353982299566269,0,0,0,0,0,0,0,0,0,0,0,0,0,0,0,0,0,0,0,0,0,0,0,0,0,0,0,0,0,0,0,0,0,0,0,0,0,0,0,0,0,0,0,0,0,0,0,0,0,0,0,0,0,0,0,0,0,0,0,0,0,0,0,0,0,0,0,0,0,0,0,0,0,0,0,0,0,0,0,0,0,0,0,0,0,0,0,0,0,0,0,0,0,0,0,0,0,0.00187265919521451,0,0,0,0,0,0.0138328531756997,0,0,0.00117577891796827,0.000309453811496496,0.000781250011641532,0,0.00372612942010164,0.0456383578130044,0.000713266781531274,0,0.0937499972060323,0,0,0,0,0,0,0,0,0,0,0,0,0,0,0,0,0.00712589104659855,0.00717488769441843,0,0,0.00185013876762241,0.0117924530059099,0,0,0.0105633804341778,0,0,0,0.0012953367549926,0,0,0,0,0.000592768250498921,0,0,0,0.00337837846018374,0,0,0,0,0,0,0,0.000376647833036259,0,0,0,0,0,0,0,0,0,0,0,0,0,0,0,0,0,0,0,0,0,0,0,0,0,0,0,0,0,0,0,0,0,0,0,0,0,0,0,0,0,0,0,0,0,0,0,0,0,0,0,0,0,0,0,0,0,0,0,0,0,0,0,0,0,0,0,0,0,0,0,0,0,0,0,0,0,0,0,0,0,0,0,0,0,0,0,0,0,0,0,0,0,0,0,0,0,0,0,0,0,0,0,0,0,0,0,0,0,0,0,0,0,0,0,0,0,0,0,0,0,0,0,0,0,0,0,0,0,0,0,0,0,0,0,0,0,0,0,0,0,0,0,0,0,0,0,0,0,0,0,0,0,0,0,0,0,0,0,0,0,0,0,0,0,0,0,0,0,0,0,0,0,0,0,0,0,0,0,0,0,0.0332495651673526,0,0,0,0,0,0,0,0,0,0,0,0,0
0.00124610587954521,0.33660588786006,0.00605449033901095,0,0.00503271236084402,0.0237949960283004,0,0,0,0,0,0.00118343194480985,0.02427184546832,0,0,0.00834492361173034,0,0.000916590273845941,0.115774236619473,1.49333334341645,0.306688420474529,0.0353982299566269,0,0,0,0,0,0,0,0,0.00127469724975526,0,0,0,0,0,0,0,0,0,0,0,0,0,0,0,0,0,0,0,0,0.000630318303592503,0,0,0,0,0,0,0,0,0,0,0,0,0,0,0,0,0,0,0,0,0,0,0,0,0,0,0,0,0,0,0,0,0,0,0,0,0,0,0,0,0,0,0,0,0,0,0,0,0,0,0,0.00194363459013402,0,0,0,0,0,0,0,0,0,0,0,0,0,0,0,0,0,0,0,0,0,0,0.0132538110483438,0.00181983620859683,0.00170357746537775,0.00677966105286032,0.000320666993502527,0,0.000721761083696038,0.0103244841448031,0.0222496907226741,0.0015515903942287,0.00436490605352446,0.386803173460066,0,0.00719424476847053,0.23414634168148,0.00453514745458961,0.0170575696974993,0,0,0.00180831830948591,0,0,0,0.000735835172235966,0,0,0,0,0,0.632171004312113,0.0870138409081846,0.01372549100779,1.58596489252523,0.00321543402969837,0,0,0.00270635983906686,0,0,0,0,0,0,0,0,0,0,0,0,0.0104384135920554,0,0.00242130761034787,0,0,0,0,0,0,0,0,0,0,0,0,0,0,0,0,0,0,0,0,0,0,0,0,0,0,0,0,0,0,0,0,0,0,0,0,0,0,0,0,0,0,0,0,0,0,0,0,0,0,0,0,0,0,0,0,0,0,0,0,0,0,0,0,0,0,0,0,0,0,0,0,0,0,0,0,0,0,0,0,0,0,0,0,0,0,0,0,0,0,0,0,0,0,0,0,0,0,0,0,0,0,0,0,0,0,0,0,0,0,0,0,0,0,0,0,0,0,0,0,0,0,0,0,0,0,0,0,0,0,0,0,0,0,0,0,0,0,0,0,0,0,0,0,0,0,0,0,0,0,0,0,0,0,0,0,0,0,0,0,0,0,0,0,0,0,0,0,0,0,0,0,0,0,0,0,0,0,0,0,0,0,0,0,0.000910746806766838,0.000366367457900196,0,0.0194056998006999,0,0,0,0,0,0,0,0,0,0,0,0,0
0.000307692302158102,0,0,0,0,0,0,0,0.000733137829229236,0,0,0,0,0,0,0,0,0,0,0,0,0,0,0,0.00103252450935543,0,0.00128534703981131,0,0,0.00129870127420872,0.00363856879994273,0,0,0,0,0,0,0,0,0,0,0.0024301337543875,0,0,0.0010834236163646,0,0.00107874860987067,0,0,0.0111022996716201,0,0.0018444512388669,0,0,0,0,0,0,0,0,0,0,0,0,0,0,0,0,0,0,0,0,0,0,0,0,0,0,0,0,0,0,0,0,0,0,0,0,0,0,0,0,0,0,0.012820512871258,0.000870321993716061,0.00124378106556833,0,0,0,0,0.00215517240576446,0.238213397562504,0.0252479715272784,0,0,0,0,0,0.00192122953012586,0,0,0,0.00258732214570045,0,0,0.00442722765728831,0,0,0,0,0,0,0.068563093431294,0.00204813107848167,0,0,0.0966921122744679,0.0845295045292005,0.14533761551138,0.000949817971559241,0.00165700085926801,0,0.00433944066753611,0.000603136315476149,0,0,0,0,0.00503355707041919,0.00180995475966483,0,0.00102249486371875,0,0.00144717795774341,0,0,0.00104629877023399,0,0.00214438891271129,0.00135915738064796,0,0,0,0,0,0,0.00181818183045834,0,0,0,0,0,0,0,0,0.0472103016218171,0,0,0,0,0.000619578699115664,0.0991735530551523,0.25871767080389,0.0161977836978622,0.0462427753955126,0,0.0198675496503711,0,0,0,0,0,0,0,0,0,0,0,0,0,0,0,0,0,0,0,0,0,0,0,0,0,0,0,0,0,0,0,0,0,0,0,0,0,0,0,0,0,0,0,0,0,0,0,0,0,0,0,0,0,0,0,0,0,0,0,0,0,0,0,0,0,0,0,0,0,0,0,0,0,0,0,0,0,0,0,0,0,0,0,0,0,0,0,0,0,0,0,0,0,0,0,0,0,0,0,0,0,0,0,0,0,0,0,0,0,0,0,0,0,0,0,0,0,0,0,0,0,0,0,0,0,0,0,0,0,0,0,0,0,0,0,0,0,0,0,0,0,0,0,0,0,0,0,0,0,0,0,0,0,0,0,0,0,0,0,0,0,0,0,0,0,0,0,0,0,0,0,0,0,0,0,0,0,0,0,0,0,0,0,0.00584174174582586,0,0.00180538001586683,0,0.00358066443004645,0,0,0.000882028660271317,0,0,0,0,0,0,0,0,0,0
