0,0,0.290559808257967,2.9894735973794,0.76322537928354,0.0808125903422479,0.012206573097501,0,0,0,0,0,0.34539289237,0.00240168115124106,0.000783085328293964,0.0290322591899894,0.00423408451024443,0.0147757255472243,0.0202339552342892,0.00307266862364486,0.00824805282172747,0.00737327174283564,0.00380408938508481,0,0,0,0,0,0,0,0.00841555432998575,0,0,0,0,0,0,0,0,0.000276969949482009,0,0.000263296475168318,0,0,0.000275065336609259,0,0,0,0.000299311592243612,0,0,0,0,0,0,0,0,0,0,0,0,0,0,0,0,0,0,0,0,0,0,0,0,0,0,0,0,0.000272516685072333,0.000306184927467257,0,0,0,0,0.000231080295634456,0.00055263884132728,0,0,0,0,0,0,0,0,0,0,0,0,0,0,0,0,0,0,0.000308784918161109,0.000304090004647151,0.0022185246925801,0,0.00028506270609796,0,0.00404921339941211,0,0,0,0,0,0,0,0,0.00514527867198922,0.000339155492838472,0.128890280611813,0,0.00170043931575492,0,0,0,0.00613586534745991,0.00444444434833713,0.000884303619386628,0.000844594615045935,0.00726769329048693,0.00288947741501033,0.00114429567474872,0.0156802121346118,0.0194107448332943,0.0380928350496106,0.00155319704208523,0.00990761799039319,0,0,0,0.031491294503212,0.000828043062938377,0,0,0.00304460350889713,0,0,0,0,0,0.00125924765598029,0.157604416017421,0.00156641603098251,0.0032149170874618,0.00498054455965757,0,0.00414210621966049,0.00147601473145187,0.00535770558053628,0,0,0.00189368330757134,0,0,0,0.0174883164581843,0,0,0,0,0.00432680061203428,0,0,0,0.0435545147047378,0.000793860788689926,0.00157084505190141,0,0,0.000165152770932764,0,0,0,0,0,0,0,0,0,0,0,0,0,0,0,0.00118870730511844,0,0,0,0,0,0,0,0,0,0.000579290383029729,0,0,0.000285022077150643,0,0,0,0,0,0,0,0,0,0,0,0,0,0,0,0,0,0,0,0,0,0,0,0,0,0,0,0,0,0,0,0,0,0,0,0,0,0,0,0,0,0,0,0,0,0,0,0,0,0,0,0,0,0,0,0,0,0,0,0,0,0,0,0,0,0,0,0,0,0,0,0,0,0,0,0,0,0,0,0,0,0,0,0,0,0,0,0,0,0,0,0,0,0,0,0,0,0,0,0,0,0,0,0,0,0,0,0,0,0,0,0,0,0,0,0,0,0,0,0.000226680262130685,0,0,0,0,0,0,0,0,0,0,0.000315457407850772,0,0,0,0,0,0,0,0,0,0,0,0,0,0,0,0,0,0,0,8.95388729986735e-05,0.00404585311480332,0,0.00494719826383516,0.000263227178948,0.0672152287006611,0.0145026673271786,0,0.0108586363785435,0,0,0,0,0,0.000385208026273176,0,0,0.000195407919818535,0.000538751635758672
0,0,0,0,0,0,0,0,0,0,0,0.00145454541780055,0,0,0,0,0,0.00704845832660794,0,0,0,0,0.774774763500318,0,0,0,0,0,0,0,0,0,0,0,0,0,0,0,0,0,0,0,0,0,0.00101988785900176,0.00174367916770279,0,0,0.00145772600080818,0,0,0.000654236180707812,0,0,0,0,0,0,0,0,0,0,0,0,0,0,0.00418785522924736,0,0,0,0,0,0.00345781474607065,0,0,0.00116414437070489,0,0,0,0.00193986424710602,0,0.00230017257854342,0,0,0.00103734445292503,0,0,0,0,0,0,0,0,0,0,0,0.00947867275681347,0,0,0,0,0,0,0,0,0.0010515246540308,0,0,0,0,0,0,0,0,0,0,0,0,0,0,0,0,0,0,0,0,0,0,0,0,0,0,0.000583260436542332,0.000533902843017131,0.00179372204001993,0.00763941963668913,0.0546357615385205,0.239925888949074,0,0.144363336847164,0.102707750047557,0,0.0185950405430049,0,0.00296956207603216,0,0,0,0,0.00448095600586385,0.00293040298856795,0,0,0,0,0.0107623315416276,0.801001265645027,0,0.0259385661920533,0,0,0,0,0,0,0,0,0,0,0,0.00117302057333291,0,0,0,0,0,0,0,0,0,0,0,0,0,0,0,0,0,0,0,0,0,0,0,0,0,0,0,0,0,0,0,0,0,0,0,0,0,0,0,0,0,0,0,0,0,0,0.00117924530059099,0,0,0,0,0,0,0,0,0,0,0,0,0,0,0,0,0,0,0,0,0,0,0,0,0,0,0,0,0,0,0,0,0,0,0,0,0,0,0,0,0,0,0,0,0,0,0,0,0,0,0,0,0,0,0,0,0,0,0,0,0,0,0,0,0,0,0,0,0,0,0,0,0,0,0,0,0,0,0,0,0,0,0,0,0,0,0,0,0,0,0,0,0,0,0,0,0,0,0,0,0,0,0,0,0,0,0,0,0,0,0,0,0,0,0,0,0,0,0,0,0,0,0,0,0,0,0,0,0,0,0,0,0,0,0,0,0,0,0,0,0,0,0,0,0,0,0,0.000418672803789377,0,0,0,0,0,0,0.000373761926312,0,0,0,0,0,0
0.290559808257967,0,0,0.0334515969443601,0.101326458388939,0.000518403307069093,0,0,0,0,0,0,0.0162025317549706,0.0204996801912785,0.0413900821004063,0.200181982945651,0.0238095230888575,0.000806776923127472,0.0440816326299682,0,0,0,0.0165562913753092,0,0,0,0,0,0,0,0.0323841414647177,0,0,0,0,0,0,0,0,0,0,0,0,0,0,0,0.00086021504830569,0,0.00126502208877355,0.00127145578153431,0,0,0,0,0,0,0,0,0,0,0,0,0,0,0,0,0,0,0,0,0,0,0,0,0,0,0,0,0,0,0,0,0,0,0,0,0,0,0,0,0,0,0,0,0,0,0,0.00110558315645903,0,0,0,0,0,0.00145348836667836,0.00135501357726753,0.00189483654685318,0,0,0,0,0,0,0,0,0,0,0,0,0.0119442602153867,0,0.196669308468699,0,0.00408997945487499,0.00236826529726386,0.000892857147846371,0,0,0.00848999386653304,0.0154394306009635,0.00798801798373461,0.00185844814404845,0.0049921995960176,0.00219901045784354,0.0161820482462645,0.00337647716514766,0.00707463768776506,0,0.000844594615045935,0,0,0,0.34574466990307,0.0167832167353481,0,0,0.0490463208407164,0,0.000522193207871169,0.000531490833964199,0,0.000680503551848233,0.190095843281597,0,0.00155884644482285,0.00178571429569274,0.00151057401672006,0,0.00850340118631721,0.00477897236123681,0,0,0,0,0,0,0,0.0130548304878175,0,0,0,0,0.00217627856181934,0.00308880303055048,0.00159489631187171,0.000821018067654222,0.0551407244056463,0.000814000843092799,0.00158102763816714,0,0,0,0,0.00366524141281843,0,0,0,0,0,0,0,0,0,0,0,0.0037397159030661,0.00775795197114348,0.00368324120063335,0,0,0,0,0,0,0,0,0,0,0,0.00127959053497761,0,0.00397812016308308,0,0,0,0.00152439018711448,0,0,0,0,0,0,0,0,0,0,0,0,0,0.00130123621784151,0,0,0,0,0,0,0,0,0,0,0,0.0012547051301226,0,0,0,0,0,0,0,0,0,0,0,0,0,0,0,0,0,0,0,0,0,0,0,0,0,0,0,0,0,0,0,0,0,0,0,0,0,0,0,0,0,0,0,0,0,0,0,0,0,0,0,0,0,0,0,0,0,0,0,0.00163132138550282,0,0,0,0,0,0,0,0.00115340249612927,0,0,0,0,0,0,0,0,0,0,0,0,0.00704225362278521,0.00303951371461153,0,0,0,0,0,0,0,0,0.00151745066978037,0,0,0,0,0,0.00137080193962902,0,0,0.00161420495714992,0,0,0,0,0,0,0,0,0,0,0,0,0,0,0.00125944579485804,0,0,0,0,0,0.00557846220908687,0,0.00776340096490458,0.000800961162894964,0.0369033284951001,0.00543478270992637,0,0.0152734783187043,0,0.000263713067397475,0,0.000359712226781994,0,0.00113571836845949,0,0,0.000779119611252099,0.00038305003545247
2.9894735973794,0,0.0334515969443601,0,1.1388860658044,0.297261109866668,0.0159404886653647,0,0,0,0,0,0.492103578988463,0.00168976010172628,0,0.00513196480460465,0.000681547098793089,0.00555880641331896,0.005016123293899,0.00346921064192429,0.00723763543646783,0.0128338535432704,0.00143755611497909,0,0,0,0,0,0,0,0.00130123621784151,0,0,0,0,0,0,0,0,0,0,0,0,0,0,0,0,0,0,0,0,0,0,0,0,0,0,0,0,0,0,0,0,0,0,0,0.000252876459853724,0,0,0,0,0,0.000268168398179114,0,0,0,0,0,0.000345542503055185,0,0,0,0,0,0,0,0,0,0,0,0,0,0,0,0,0,0,0,0,0,0,0,0.000729793857317418,0.000348857487551868,0,0.00123685842845589,0,0.000318877544486895,0,0.00140919501427561,0,0,0,0,0,0,0,0,0.0054570259526372,0.000388123415177688,0.02741189050721,0,0.000633613206446171,0,0,0.052205519634299,0.00360596607788466,0.000666000647470355,0.00066214200342074,0.000314465403789654,0.00388385428232141,0.0010579212103039,0.000250156357651576,0.00577478343620896,0.00834281407878734,0.0155902008991688,0.000286450871499255,0.00654275121632963,0,0,0,0.0310527205001563,0.000307597656501457,0,0,0,0,0,0,0.000276090548140928,0.000274122809059918,0,0.147473662858829,0.000709219835698605,0.00365163403330371,0.00457665912108496,0,0,0.00066323991632089,0.0399857191368937,0,0,0.000601594219915569,0,0,0,0.00577347600483336,0,0,0,0,0.00309249362908304,0,0,0,0.0124631028738804,0.000293513352517039,0.00106723586213775,0,0,0.000175963403307833,0,0,0,0,0,0,0,0,0,0,0,0,0,0,0,0.000334112934069708,0,0,0,0,0,0,0,0,0,0,0,0,0,0,0,0,0,0,0,0,0,0,0,0,0,0,0,0,0,0,0,0,0,0,0,0,0,0,0,0,0,0,0,0,0,0,0,0,0,0,0,0,0,0,0,0,0,0,0,0,0,0,0,0,0,0,0,0,0,0,0,0,0,0,0,0,0,0,0,0,0,0,0,0,0,0,0,0,0,0,0,0,0,0,0,0,0,0,0,0,0,0,0,0,0,0,0,0,0,0,0,0,0,0,0,0,0,0,0,0,0,0,0,0,0,0,0,0,0,0,0,0,0,0,0,0,0,0,0,0,0,0,0,0,0,0,0,0,0,0,0,0,0,0,0,0,0,0,0,0,0,0,0,3.01813906844473e-05,0.000476077126222663,0,0.00163816940039396,0,0.0293267678644042,0.0103579591959715,0,0.0043468811782077,0,0,0,0,0,0,0,0,0,0.000158466049470007
0.76322537928354,0,0.101326458388939,1.1388860658044,0,1.09865356676164,0.0516003866505343,0,0,0,0,0,0.363293952512322,0.00110558315645903,0.00186712306458503,0.0177240687189624,0.00409074002527632,0.0261623330588918,0.0172854061238468,0.0132726582523901,0.0485692752990872,0.0803791471989825,0.00472999596968293,0,0,0,0,0,0.000764964614063501,0,0.00176772140548564,0,0,0,0,0,0,0,0,0,0,0,0,0,0,0,0,0,0,0.000367714645108208,0,0,0,0,0,0,0,0,0,0,0,0,0,0,0,0,0,0,0,0,0,0,0,0,0.000315656565362588,0,0,0,0,0,0,0,0,0,0,0,0,0,0,0,0,0,0,0,0,0,0,0,0,0,0,0,0,0,0.000374391616787761,0.00100384806864895,0,0.000345960899721831,0,0.00424219062551856,0,0,0,0,0,0,0,0,0.00111669459147379,0,0.018724400550127,0,0.000343524559866637,0,0.000327546673361212,0,0.0024955436529126,0.00181323659489863,0.000360360369086266,0.000340773549396545,0.00639349038829096,0.00367699060006998,0.00213219621218741,0.0150875842373352,0.0156334231724031,0.036455997324083,0,0.0166827077046037,0.00037230082671158,0,0,0.00335195529623888,0.00365995676838793,0,0,0.00749906233977526,0,0,0,0,0,0.00117233296623453,0.082974562770687,0.00543794903205708,0.000802246271632612,0.00655105974874459,0,0.00515668373554945,0.00252707587787881,0.12522011063993,0,0,0.00519649218767881,0,0,0,0.00815116707235575,0,0,0,0,0.00211384578142315,0,0,0.000317359576001763,0.0206884249928407,0.000632611103355885,0.000779575144406408,0,0,0,0,0,0,0,0,0,0,0,0,0,0,0,0,0,0,0.000363967235898599,0,0,0,0,0,0,0,0,0,0.000352733681211248,0,0,0,0,0,0,0,0,0,0,0,0,0,0,0,0,0,0,0,0,0,0,0,0,0,0,0,0,0,0,0,0,0,0,0,0,0,0,0,0,0,0,0,0,0,0,0,0,0,0,0,0,0,0,0,0,0,0,0,0,0,0,0,0,0,0,0,0,0,0,0,0,0,0,0,0,0,0,0,0,0,0,0,0,0,0,0,0,0,0,0,0,0,0,0,0,0,0,0,0,0,0,0,0,0,0,0,0,0,0,0,0,0,0,0.000718132825568318,0.000307787006022409,0,0,0,0,0,0,0,0,0,0,0,0,0,0,0,0,0,0.000783545547164977,0,0,0,0,0,0,0,0,0,0,0,0,0,0,0,0,0,0,0,0,0.00148612950579263,0,0.00107805091829505,0,0.0180750107392669,0.00954889663262293,0,0.00711743766441941,0,0,0,0,0,0.000218603119719774,0,0,0.000222222224692814,0.000565633694350254
0.0808125903422479,0,0.000518403307069093,0.297261109866668,1.09865356676164,0,0.585774035425857,0,0,0,0,0,0.26317021495197,0,0.000823553651571274,0.0135493375710212,0.0036764707765542,0.0645026157726534,0.0488497585756704,0.477321801474318,0.639230388682336,0.66558708040975,0.0262557066744193,0,0,0,0,0,0.00054659740999341,0,0,0,0,0,0,0,0,0,0,0,0,0.000417449395172298,0,0,0,0,0.000432806758908555,0,0,0.000516929430887103,0,0,0,0,0.00040650405571796,0,0,0,0,0,0,0,0,0,0,0,0.000341997278155759,0,0,0,0,0,0,0,0,0,0,0,0,0,0,0,0,0,0,0,0,0,0,0,0,0,0,0,0,0,0.00100452033802867,0,0,0,0,0,0.00116959062870592,0,0,0.00181529379915446,0,0,0,0.00774336280301213,0,0,0,0,0,0,0,0,0,0,0,0.000361271668225527,0.00282220129156485,0,0,0,0.0133663370506838,0.002534854284022,0.000502512557432055,0.000465224467916414,0.0171369811141631,0.00618069441406988,0.00235928545589559,0.0204767230898142,0.0396581193199381,0.0437243799678981,0,0.0797598649514839,0,0,0.00111856823787093,0.0015789472963661,0.00270209420705214,0,0,0.00637619546614587,0,0,0,0,0,0.0011273956624791,0.0299435034976341,0.044146409840323,0.0122950814547949,0.143646402284503,0.000487448211060837,0.249999999767169,0.0372795972507447,0.0502682873047888,0,0,0.0693112469161861,0,0,0,0.0172413788968697,0,0,0.000441208918346092,0,0.011478329601232,0,0,0,0.0450829827459529,0.000420786876929924,0.00449312012642622,0,0,0,0,0,0,0,0,0,0,0,0,0,0,0,0,0,0,0,0,0,0,0,0,0,0,0,0,0.000975609757006168,0,0,0,0,0,0,0,0,0,0,0,0,0,0,0.000436681235441938,0,0,0.000935672491323203,0,0.000437158480053768,0,0,0,0,0,0,0,0,0,0,0,0,0,0,0,0,0,0,0,0,0,0,0,0,0,0,0,0,0,0,0,0,0,0,0,0,0,0,0,0,0,0,0,0,0,0,0,0,0,0,0,0,0,0,0,0,0,0,0,0,0,0,0,0,0,0,0,0,0,0,0,0,0,0,0,0,0,0,0,0,0,0,0,0,0,0,0,0,0,0,0,0,0,0,0,0,0,0,0,0,0,0,0,0,0,0,0,0,0,0,0,0,0,0,0,0,0,0,0,0,0,0,0,0,0,0,0,0,0,0,0,0,0,3.11502226395532e-05,0.00265604248852469,0.000634618452750146,0.00285491839167662,0,0.056028563529253,0.0412966261210386,0,0.00924240323365666,0,0.000607287438469939,0,0,0,0,0,0,0,0.000345110223861411
0.012206573097501,0,0,0.0159404886653647,0.0516003866505343,0.585774035425857,0,0,0,0,0,0,0.142185661243275,0,0,0.00968523044139147,0.00645681982859969,0.528558475896716,0.0378151279874146,0.0229074895614758,0.0187553284922615,0.489436610601842,0.0278074871748686,0,0,0,0,0,0,0,0,0,0,0,0,0,0,0,0,0,0,0,0,0,0,0,0,0,0,0,0,0,0,0,0,0,0,0,0,0,0,0,0,0,0,0,0,0,0,0,0,0,0,0,0,0,0,0,0,0,0,0,0,0,0,0,0,0,0,0,0,0,0,0,0,0,0.00141542812343687,0,0,0,0,0,0.00470035243779421,0,0,0,0,0,0,0.00764087866991758,0,0,0,0,0,0,0,0,0,0,0,0,0.00118835410103202,0,0,0,0.0040788579499349,0.00145348836667836,0,0.00115606933832169,0.00291073741391301,0.0027285129763186,0.000594353652559221,0.00923411210533231,0.0134105453034863,0.0148786217905581,0,0.464916474302299,0,0,0,0,0.00320512836333364,0,0,0.00836820108816028,0,0,0,0,0,0,0,0.445544568356127,0.00236127502284944,0.0970504260621965,0,0.0952380963135511,0.00285510346293449,0.00411522621288896,0,0,0.889549265149981,0,0,0,0.00635424954816699,0,0,0,0,0.00322061195038259,0,0,0,0.0299727516248822,0.000915750919375569,0.00403225794434547,0,0,0,0,0,0,0,0,0,0,0,0,0,0,0,0,0,0,0,0,0,0,0,0,0,0,0,0,0,0,0,0,0,0,0,0,0,0,0,0,0,0,0,0,0,0,0,0,0,0,0,0,0,0,0,0,0,0,0,0,0,0,0,0,0,0,0,0,0,0,0,0,0,0,0,0,0,0,0,0,0,0,0,0,0,0,0,0,0,0,0,0,0,0,0,0,0,0,0,0,0,0,0,0,0,0,0,0,0,0,0,0,0,0,0,0,0,0,0,0,0,0,0,0,0,0,0,0,0,0,0.00136892544105649,0,0,0,0,0,0,0,0,0,0,0,0,0,0,0,0,0,0,0,0,0,0,0,0,0,0,0,0,0,0,0,0.00207039341330528,0,0,0,0,0,0,0,0,0,0,0,0,0,0,0,0,0,0,0,3.24485699820798e-05,0.00100338645279408,0.000535618630237877,0.00155732920393348,0,0.0169743259903044,0.0113695085747167,0,0.00218722663703375,0,0.000547120755072683,0,0,0,0.00039920158451423,0,0,0,0
0,0,0,0,0,0,0,0,0.473249684844632,0.0771120765712112,0.0542926492053084,0.080910755408695,0,0.000408496736781672,0,0,0,0.000343997235177085,0,0,0,0,0,0.000439463852671906,0,0.00065659882966429,0.00080289039760828,0,0,0,0,0,0,0,0.000445930869318545,0.0582730747410096,0.0887400564970449,0,0.0105017503956333,0.233180569368415,0.00169815320987254,0.00686106330249459,0.0020432488527149,0.00910125172231346,0.000363306084182113,0,0.0109540633275174,0,0,0,0.0486286135856062,0.0990759015257936,0.473488543357234,0.223122239287477,0.0922973616980016,0.117716767883394,0,0,0,0,0,0.00037334329681471,0.00210194435203448,0,0,0,0.00667925085872412,0.000960153643973172,0.000288018432911485,0.00134725496172905,0.00072137062670663,0.000321853876812384,0.0155376008478925,0.00304009113460779,0.00172265281435102,0.00190041813766584,0.0012940795859322,0.00717746268492192,0.00125891732750461,0.0013114754401613,0.00122574053239077,0.00227143673691899,0.000358102057361975,0.00145158948726021,0.00146198831498623,0.00060790270799771,0.000639284029603004,0,0,0,0,0,0,0,0,0.0189029537141323,0.00955984834581614,0.0011664074845612,0.0973505881265737,0.0454712148057297,0.00559888017596677,0.0492785797105171,0,0.00297176811727695,0.0016628559678793,0.000734483997803181,0,0.0140952379442751,0.00604800600558519,0,0.00669176084920764,0.00483578466810286,0.000876232224982232,0.0131608800438698,0.00183276063762605,0.0107606678211596,0.0208959953743033,0,0,0,0,0,0,0,0,0,0,0,0,0,0,0,0.000573641213122755,0,0,0.000324569933582097,0.000335570483002812,0.00175346314790659,0.000413137779105455,0,0,0,0,0,0.000408914318541065,0,0.0195240997709334,0.000558269384782761,0.00112707808148116,0.000964320148341358,0.00031877591391094,0,0,0,0,0,0,0,0,0,0.000420964002842084,0,0,0,0,0,0.0069858227216173,0.0044424700899981,0.00128424656577408,0.000358937541022897,0.00038102496182546,0.000328299414832145,0,0.000435824797023088,0,0,0,0,0,0,0,0,0,0,0,0,0,0,0,0,0,0,0,0,0,0,0,0,0,0,0,0,0,0,0,0,0.000778361572884023,0,0,0,0,0,0,0,0,0,0.00159840157721192,0.00152671756222844,0.000392772984923795,0.000387221691198647,0,0,0,0,0.00112909299787134,0,0,0,0,0,0,0,0,0,0,0,0,0,0,0,0,0,0.000342583080055192,0,0,0,0,0,0,0,0,0,0,0,0,0,0,0,0,0,0,0,0,0,0,0,0,0,0,0,0,0,0,0,0,0,0,0,0,0,0,0,0,0,0,0,0,0,0,0,0,0,0,0,0,0,0,0,0,0,0,0,0,0,0,0,0,0,0,0,0,0,0,0,0,0,0,0,0,0,0,0,0,0,0,0,0,0,0,0,0,0,0,0,0,0,0,0,0,0,0,0,0,0,0,0,0,0,0,0,0,0,0,0,0,0,0,0,0,0,0.00275887428870192,0.0733960798243061,0.284935979172587,0.153916526614921,0.103909464814933,0.00624924898147583,0.000360815436579287,0,0.0308068458689377,0.00047324676415883,0.00293067120946944,0.00110329606104642,0,0.00034364260500297,0,0,0,0.000708466177457012,0.0270024780475069
0,0,0,0,0,0,0,0.473249684844632,0,0.0789727155352011,0.0101910824887455,0.0874954462051392,0,0,0.00107526883948594,0,0,0,0,0,0,0,0,0.000842105248011649,0,0.000510725250933319,0.00213827518746257,0,0,0,0,0,0,0,0,0.204275533324108,0.0814757866319269,0,0.0923803137848154,0.00365965242963284,0.000788954610470682,0.0383141764905304,0.00270489574177191,0.00603469926863909,0.00360468600410968,0,0.0338691151700914,0.000676589959766716,0.000729926978237927,0,0.281024299096316,0.743502812838415,0.585349257104099,0.0558968048426323,0.0496960062300786,0.0200900582713075,0,0,0,0,0,0,0.00056609115563333,0,0,0,0.0140097639814485,0.000982077093794942,0,0,0,0,0.0150234745815396,0.00129575643222779,0,0,0,0.00117750954814255,0.00308880303055048,0.00166736135724932,0.000735564564820379,0.00128741550724953,0,0,0,0.000908265239559114,0,0,0,0,0.000578034669160843,0,0,0,0,0.0117364631732926,0.0119507911731489,0.00134770886506885,0.0482733023818582,0.170225740817841,0.0332743356120773,0.123658225871623,0.0341655722586438,0.0552268227329478,0.022011385357473,0.00489296624436975,0,0.00520494487136602,0.00385232758708298,0,0.00153491937089711,0.0014352350262925,0,0.0215150155127048,0.000913659227080643,0.0485376493306831,0.0386380101554096,0,0,0,0,0,0,0.00140449439641088,0,0,0,0.00213675212580711,0.000703482248354703,0,0,0.00045829513692297,0.000416927243350074,0,0,0,0.00105708243791014,0.00170116242952645,0,0,0,0,0,0.000747104990296066,0.000736648275051266,0,0.0671287877485156,0.000801763904746622,0.00243803334888071,0.000988630694337189,0.000976085895672441,0,0,0,0,0,0,0,0,0,0.000776699045673013,0,0,0,0,0,0.0609438854735345,0.0490111795370467,0.00160256412345916,0,0,0,0.00977995083667338,0,0.00166898465249687,0.000689655193127692,0,0,0,0,0,0,0,0,0,0,0,0,0,0,0,0,0,0,0.000521784531883895,0,0,0,0,0,0,0,0,0,0,0,0.00134998315479606,0,0,0,0,0,0,0,0,0,0,0,0,0,0.000697593321092427,0,0,0,0.000637348624877632,0,0,0,0,0,0,0.000452898559160531,0,0,0,0,0,0,0,0,0,0,0,0,0,0,0,0,0,0,0,0,0,0,0,0,0,0,0,0,0,0,0,0,0,0,0,0,0,0,0,0,0,0,0,0,0,0,0,0,0,0,0,0,0,0,0,0,0,0,0,0,0,0,0,0,0,0,0,0,0,0,0,0,0,0,0,0,0,0,0,0,0,0,0,0,0,0,0,0,0,0,0,0,0,0,0,0,0,0,0,0,0,0,0,0,0,0,0,0,0,0,0,0,0,0,0,0,0,0,0,0,0,0,0,0,0,0,0,0,0.00117333670641528,0.030196703504771,0.0646535021951422,0.217384690535255,0.0393873089924455,0.00650935748126358,0.00118800124619156,0,0.021985343657434,0.000244491297053173,0.00160128103743773,0,0,0,0,0,0,0.000953440350713208,0.00979858441860415
0,0,0,0,0,0,0,0.0771120765712112,0.0789727155352011,0,0.0138364777667448,0.105156726203859,0,0,0,0,0,0,0,0,0,0,0,0,0,0.00126943830400705,0,0,0,0,0,0,0,0,0,0,0,0,0,0.00318217976018786,0.00677966116927564,0.00276912422850728,0.00818553892895579,0.0859277680283412,0,0,0.0235380660742521,0,0,0,0.0057833855971694,0.0213114761863835,0.0940092176897451,0.0706543549895287,0.010603048838675,0.026390197686851,0,0,0,0,0,0,0,0,0,0,0.0223010652698576,0.00241837976500392,0,0,0,0,0.0108726757462136,0,0,0,0.000617093464825302,0.00683890585787594,0,0,0,0,0.00151285924948752,0.000506585638504475,0.00158040295355022,0,0.000603136315476149,0,0,0,0,0,0,0,0,0.347855239058845,0.0490384615841322,0.00272355886409059,0.00933610007632524,0.00238758459454402,0,0.00639386184047908,0,0,0,0.00159680633805692,0,0,0,0,0,0.000989119638688862,0,0.0013642564881593,0,0.00408329942729324,0.0260663516819477,0,0,0,0,0,0,0,0,0,0,0.000978952506557107,0,0,0,0,0.000496031774673611,0,0,0.00186277547618374,0,0.00506879074964672,0,0,0.0011947430903092,0,0.000787711702287197,0.00523012538906187,0.00205128197558224,0,0.00303643732331693,0,0.00673562649171799,0.000609570241067559,0.00420041987672448,0,0,0,0,0,0.00090867787366733,0,0,0,0,0,0,0,0,0,0,0.00512492004781961,0.00115540146362036,0.00304066902026534,0,0,0,0,0,0,0.000701508251950145,0,0,0,0,0,0,0,0,0,0,0,0,0,0,0,0,0,0,0,0,0,0,0,0,0,0,0,0,0,0.000909918104298413,0,0,0,0,0,0,0,0,0,0,0,0,0,0.000951474765315652,0,0.00394477305235341,0,0.000842814974021167,0,0,0,0,0,0,0,0,0,0,0,0,0,0,0,0,0,0,0,0,0,0,0,0,0,0,0,0,0,0,0,0,0,0,0,0,0,0,0,0,0,0,0,0,0,0,0,0,0,0,0,0,0,0,0,0,0,0,0,0,0,0,0,0,0,0,0,0,0,0,0,0,0,0,0,0,0,0,0,0,0,0,0,0,0,0,0,0,0,0,0,0,0,0,0,0,0,0,0,0,0,0,0,0,0,0,0,0,0,0,0,0,0,0,0,0,0,0,0,0,0,0,0,0,0,0,0,0,0,0,0,0,0,0,0,3.21011830237694e-05,0.00324074068339542,0.423085658519994,0.0192970363423228,0.00968522974289954,0.000371747213648632,0,0,0.000763504474889487,0,0.000250689394306391,0,0,0,0,0,0,0,0.000375957519281656
0,0,0,0,0,0,0,0.0542926492053084,0.0101910824887455,0.0138364777667448,0,0.110016421065666,0,0,0,0,0,0,0,0,0,0,0,0,0,0.000836470106150955,0,0,0,0,0,0,0,0,0,0,0,0,0,0.00228050164878368,0,0,0.000920810329262167,0.000815660692751408,0,0,0.00306278723292053,0,0,0,0.00065703020663932,0.00482758635189384,0.0170212760567665,0.00462160585448146,0.000885739573277533,0.381791477557272,0,0,0,0,0,0,0,0,0,0,0.029504080710467,0,0,0,0,0,0.179890315979719,0,0,0,0,0.0886752180522308,0.00187793432269245,0.0869565177708864,0,0,0,0,0.00112930545583367,0,0,0,0,0,0,0,0,0,0,0.00269784178817645,0.00909090880304575,0,0.0342465750873089,0.00684540811926126,0,0.00248756213113666,0,0,0,0,0,0.00129115558229387,0,0,0,0,0,0.00283286115154624,0,0.00118413264863193,0.00993883825140074,0,0,0,0,0,0,0,0,0,0,0,0,0,0,0,0,0,0,0,0,0.000999000971205533,0,0,0,0,0,0.00173611112404615,0,0,0,0,0,0,0,0,0,0,0,0,0,0,0,0,0,0,0,0,0,0,0,0,0,0,0,0,0,0,0,0,0,0,0,0,0,0,0,0,0,0,0,0,0,0,0,0,0,0,0,0,0,0,0,0,0,0,0,0,0,0,0,0,0,0,0,0,0,0,0,0,0,0,0,0.00136612018104643,0,0,0.00112676061689854,0,0,0,0,0,0,0,0,0,0,0,0,0,0,0,0,0,0,0,0,0,0,0,0,0,0,0,0,0,0,0,0,0,0,0,0,0,0,0,0,0,0,0,0,0,0,0,0,0,0,0,0,0,0,0,0,0,0,0,0,0,0,0,0,0,0,0,0,0,0,0,0,0,0,0,0,0,0,0,0,0,0,0,0,0,0,0,0,0,0,0,0,0,0,0,0,0,0,0,0,0,0,0,0,0,0,0,0,0,0,0,0,0,0,0,0,0,0,0,0,0,0,0,0,0,0,0,0,0,0,0,0,0,0,0,0,0,0,0.000253807113040239,0.120296621695161,0.00713719264604151,0.00187705305870622,0,0,0,0,0,0.000277085055131465,0,0,0,0,0,0,0,0
0,0.00145454541780055,0,0,0,0,0,0.080910755408695,0.0874954462051392,0.105156726203859,0.110016421065666,0,0,0,0,0,0,0,0,0,0,0,0,0,0,0.000719683361239731,0,0,0,0,0,0,0,0,0,0,0.00136518769431859,0,0,0.00280112045584247,0.00286123040132225,0,0.0023437500349246,0.0105633799103089,0,0,0.0247123980661854,0,0,0,0.0116550119128078,0.0231143550481647,0.0767519432120025,0.00566304847598076,0.00453514745458961,0.153142855502665,0,0,0,0,0,0,0,0,0,0,0.0598768898635171,0,0,0,0,0,0.035862953402102,0,0,0,0,0.0168141592293978,0,0.00158478610683233,0,0,0,0,0,0,0,0,0,0,0,0,0,0,0.00157728709746152,0.0214395106304437,0.0339578440180048,0,0.0257069407962263,0.00373657164163888,0.00118483416736126,0.0100671141408384,0,0,0,0.000937646487727761,0,0.00309757352806628,0,0,0,0,0.00159744406118989,0,0.00190114066936076,0.00288878189167008,0.0292942731175572,0,0,0,0,0,0,0,0,0,0,0,0,0,0,0,0,0.000502891605719924,0,0.00210600206628442,0.00151114468462765,0.00836820108816028,0,0,0.00307219661772251,0,0,0.0051948050968349,0.00126742711290717,0,0,0.00155763246584684,0.00792602368164808,0.000687521474901587,0.00337723729899153,0,0,0,0,0,0.0021869873162359,0,0.00117924530059099,0,0,0,0,0,0,0,0,0.0050462573999539,0,0,0,0,0,0,0,0,0,0,0,0,0,0,0,0,0,0,0,0,0,0,0,0,0,0,0,0,0,0,0,0,0,0,0,0,0,0.000958772783633322,0,0,0,0,0,0,0,0,0,0,0,0,0,0.00215982715599239,0.00231213867664337,0,0.000924641673918813,0,0,0,0,0,0,0,0,0,0,0,0,0,0.00136147043667734,0,0,0,0,0,0,0,0,0,0,0,0,0,0,0,0,0,0,0,0,0,0,0,0,0,0,0,0,0,0,0,0,0,0,0,0,0,0,0,0,0,0,0,0,0,0,0,0,0,0,0,0,0,0,0,0,0,0,0,0,0,0,0,0,0,0,0,0,0,0,0,0,0,0,0,0,0,0,0,0,0,0,0,0,0,0,0,0,0,0,0,0,0,0,0,0,0,0,0,0,0,0,0,0,0,0,0,0,0,0,0,0,0,0,0,0,0,0,0,0,0,0,0,0,0.000483792944578454,0.285927034914494,0.0128865979786497,0.00635172706097364,0.000399361015297472,0,0,0,0,0,0,0,0,0,0,0,0,9.56617368501611e-05
0.34539289237,0,0.0162025317549706,0.492103578988463,0.363293952512322,0.26317021495197,0.142185661243275,0,0,0,0,0,0,0,0.00672494934406132,0.173280418035574,0.073766230721958,0.0172890737303533,0.4578754742397,0.140582099556923,0.0914470112184063,0.0724478603806347,0.0826650188537315,0,0,0,0.000970873807091266,0,0,0,0.00181488203816116,0,0,0,0,0,0,0,0,0,0,0,0,0,0,0,0,0,0,0.00201409868896008,0,0,0,0,0,0,0,0,0,0,0,0,0,0,0,0,0.000504413619637489,0,0,0,0,0,0.00113830389454961,0,0,0,0,0,0,0,0,0,0,0,0,0,0,0,0,0,0,0,0,0,0,0,0,0,0,0,0,0,0.00520494487136602,0.0011179429711774,0,0.000792393053416163,0,0,0,0.00115406804252416,0,0,0,0,0,0,0,0,0.00104166672099382,0,0.0238948618061841,0,0.00084423809312284,0,0,0,0.00278164108749479,0.00484966061776504,0.00286123040132225,0.00165562913753092,0.006404657906387,0.00497512420406565,0.00444334745407104,0.0178571429278236,0.0100831862073392,0.0351851867744699,0.00131665566004813,0.0431499467231333,0,0,0.00118133495561779,0.00938967091497034,0.014855356013868,0,0,0.0350877188611776,0,0.000471364590339363,0.000957854383159429,0.00121212122030556,0,0.00600600615143776,0,0.00943396240472794,0,0.101324125193059,0,0.11076148506254,0.0344992806203663,0.0012062726309523,0,0,0.00961182976607233,0,0,0,0.00822622142732143,0,0,0,0,0.00189274444710463,0,0.00119976000860333,0,0.0547818003688008,0.00209059228654951,0.00119189510587603,0,0,0,0,0,0,0,0,0,0,0,0,0,0,0,0,0.000647878216113895,0,0.00097943190485239,0,0.00129282486159354,0,0,0,0,0,0,0,0,0,0,0,0.000825082533992827,0,0,0,0,0,0,0,0,0,0,0,0,0,0.00167224078904837,0,0.000742942036595196,0,0,0,0,0,0,0,0,0,0,0,0,0,0,0,0,0,0,0,0,0,0,0,0,0,0,0,0,0,0,0,0,0,0,0,0,0,0,0,0,0,0,0,0,0,0,0,0,0,0,0,0,0,0,0,0,0,0,0,0,0,0,0,0,0,0,0,0,0,0,0,0,0,0.00122025620657951,0,0,0,0,0,0,0.000859106541611254,0,0,0,0,0,0,0,0,0,0,0,0,0,0,0,0,0,0,0,0,0,0,0,0,0,0,0,0,0,0,0,0,0,0,0,0,0,0,0,0,0,0,0,0,0,0,0,0,0,0,0,0,0,0.00392655047471635,0.000452488689916208,0.00171732783201151,0,0.0192628263030201,0.0129721476696432,0,0.0106504376744851,0,0.000250093784416094,0,0,0,0.000351123599102721,0,0,0,0.000845149785163812
0.00240168115124106,0,0.0204996801912785,0.00168976010172628,0.00110558315645903,0,0,0.000408496736781672,0,0,0,0,0,0,0.0187500002793968,0.00364298722706735,0,0.000807102478574961,0,0,0,0,0,0,0,0.000725689402315766,0.004860267508775,0,0.00293685751967132,0.0913763605058193,0.443575405981392,0.411214970983565,0.786100371275097,0.55831450666301,0.635335055412725,0,0.00138696259818971,0.0589569169096649,0,0,0.0305454537738115,0.000801924616098404,0.00551832863129675,0,0,0,0,0,0,0,0,0.00122511480003595,0,0,0,0,0.0338733432581648,0.280075195012614,0.046635577455163,0.0696395868435502,0.0794412901741453,0.117763476795517,0.0522545283893123,0.0425531921209767,0,0,0.000563221634365618,0,0.0515521059860475,0.00307455798611045,0.00181077409069985,0.0423905507195741,0.000645161315333098,0.00103788275737315,0,0,0,0,0,0,0,0,0,0.000562904577236623,0,0.000616522796917707,0.013009243120905,0.00148148147854954,0.0106382975354791,0.0141987826209515,0.00434782617958263,0,0.00491400482133031,0,0,0,0,0.00110619468614459,0,0,0,0,0.00356188789010048,0.00145454541780055,0.00271186442114413,0,0,0.00104493205435574,0,0,0.00414937769528478,0.00491702510043979,0,0.00186741363722831,0,0,0,0,0.0557768940925598,0,0.0841269852826372,0,0.00102301791775972,0.00236966833472252,0,0,0,0.00485436897724867,0.00118835410103202,0.00199800194241107,0,0.000624219712335616,0.00109980755951256,0,0,0.00141542812343687,0,0.000844951428007334,0,0,0,0.0718562852125615,0.000932835799176246,0.00131839152891189,0,0,0,0.00261164794210345,0.00372142472770065,0.000693000678438693,0.00272294087335467,0.00799360510427505,0,0,0,0,0,0,0,0,0.139929325086996,0.074289878946729,0,0.108148147934116,0.0372093031182885,0.00128452153876424,0.00130633567459881,0,0.00149700604379177,0.00894454366061836,0,0,0.00309119001030922,0.00319233839400113,0.00164271052926779,0.00804597698152065,0,0.00316455704160035,0.223676377441734,0.0569579266011715,0,0,0,0,0,0,0,0,0.00331125827506185,0,0,0,0,0.0605700738960877,0.0187055746209808,0.00310559011995792,0.00122850120533258,0,0.00176522508263588,0,0,0,0,0,0.00101988785900176,0,0.0310593456961215,0,0.00256081949919462,0.00626631849445403,0.020895523368381,0.00126502208877355,0.00442477874457836,0.00523103750310838,0.0549199101515114,0.0013089005369693,0.038346316665411,0.0462184897623956,0.00797266548033804,0.00109349365811795,0,0.0078843628289178,0,0,0.0151668355101719,0.00168634066358209,0,0,0.00390625011641532,0,0,0.00184275180799887,0,0,0,0,0,0.00168208579998463,0,0.00133511354215443,0.00125549279619008,0.00540540553629398,0,0,0,0,0,0,0.00348345347447321,0.000659413111861795,0,0,0,0,0,0,0,0,0,0,0,0,0,0,0,0,0.000954653951339424,0.00077130738645792,0,0,0,0,0,0,0.00180505414027721,0,0,0,0,0,0,0,0,0,0,0,0,0,0,0,0,0,0,0,0,0,0,0,0.00296956207603216,0,0,0,0,0,0,0,0,0.00104493205435574,0.00230813608504832,0,0,0,0,0.000505816889926791,0,0,0,0.000900090031791478,0,0,0,0,0.000760167255066335,0,0,0,0,0.000743494427297264,0.000451263535069302,0.000537489948328584,0,0,0,0,0,0,0,0,0,0,0.0226171249523759,0.0152038701344281,0,0,0,0,0.00131578953005373,0,0,0,0,0,0,0,0,0.00126023939810693,0,0,0,0.000972762645687908,3.23060012306087e-05,0.00412371140555479,0.143784323707223,0.0122018861293327,0.00240384618518874,0.00280842525535263,0.00181241508107632,0.00300525920465589,0.00743187469197437,0,0.00448371339007281,0.00817369110882282,0.000359776924597099,0.0016103059751913,0.000757288886234164,0.000796178355813026,0,0.0046756281517446,0.000574602556298487
0.000783085328293964,0,0.0413900821004063,0,0.00186712306458503,0.000823553651571274,0,0,0.00107526883948594,0,0,0,0.00672494934406132,0.0187500002793968,0,0.0276453770929947,0.0223018715623766,0.00517538830172271,0.00809352536452934,0.00166181963868439,0,0,0.00634345278376713,0.00180586904753,0.00068941741483286,0,0.0120937265455723,0,0.2921253113891,0.197746281512082,0.157706087920815,0,0.00697167776525021,0,0.000930665410123765,0,0.000819000822957605,0,0,0,0,0.00629650813061744,0,0,0.0561691410257481,0.103609338635579,0.00120336946565658,0,0.018604651093483,0.192846037447453,0,0,0,0,0,0,0,0,0,0,0,0,0,0,0,0,0,0,0,0,0,0,0.000487804878503084,0,0,0,0,0,0.000823045265860856,0,0,0,0,0,0.00063775508897379,0.00047125353012234,0,0,0,0,0,0,0,0,0,0,0,0,0,0,0,0.000922083912882954,0.00942063110414892,0.0134736839681864,0.00808080832939595,0.000643086794298142,0,0,0,0.00172488146927208,0,0.0007613247144036,0,0.00096571707399562,0.000985707272775471,0,0.00100477272644639,0,0.00718276138650253,0,0.0097345132380724,0,0.0040609136922285,0.0156250002910383,0.00864464370533824,0,0,0.0302114803344011,0.0409988808678463,0.00999333802610636,0.00187768239993602,0.00761179812252522,0.00129394006216899,0.0121114248759113,0.00175708322785795,0.00418191310018301,0,0.00475200498476624,0.00239520950708538,0,0.00789820082718506,0.139832196873613,0.0750636134762317,0,0.109589045168832,0.15808675030712,0.000774893444031477,0.00828328833449632,0.0226795456255786,0.00205867225304246,0.0309801936964504,0.0213238564319909,0,0.000876424193847924,0.00094384141266346,0.00172191136516631,0.000712758395820856,0.00643678166670725,0.00299289193935692,0.00178253115154803,0.0182194617809728,0,0.00303859007544816,0,0,0,0.0197550369193777,0.00184672209434211,0.000856164377182722,0,0,0.000532481353729963,0.0113339145900682,0.0142032848671079,0.0133915574406274,0.049635034520179,0.00289351854007691,0.00265017669880763,0,0,0,0,0.00455235200934112,0,0,0,0,0,0,0,0,0,0.000635525910183787,0.00298062595538795,0.0108902808278799,0.0139860138297081,0.0114155252231285,0,0.00187529297545552,0,0,0,0,0,0,0,0.00356760603608564,0,0.00624512089416385,0.00480274431174621,0.0146179395960644,0,0.000848896452225745,0,0.00346170482225716,0,0.000749344297219068,0,0,0,0,0.00243679550476372,0,0,0.00335795833962038,0.00365965231321752,0,0.000832986261229962,0.0039432177436538,0.000798403169028461,0,0,0,0,0,0,0,0,0,0,0,0,0,0,0,0,0,0,0,0,0,0,0,0,0,0,0,0,0.000793021405115724,0,0,0,0,0,0,0,0,0,0,0,0,0,0,0,0,0,0,0,0,0,0,0,0,0,0,0,0,0,0,0,0.000741289870347828,0,0,0,0,0,0,0,0,0,0.00179775280412287,0,0,0.000856164377182722,0,0,0,0.00137268356047571,0.00219538965029642,0,0.000270635995548218,0,0,0.00121114248759113,0.000871649594046175,0.000528960605151951,0,0,0,0,0.000797130342107266,0.00591934891417623,0.00275406229775399,0,0,0.000802246271632612,0,0.000542005407623947,0.00110456554102711,0,0,0.00172637030482292,0,0,0,0,0,0.000813669641502202,0.00175669742748141,0,0.00714924046769738,0,0,0,0,0,0.00158730160910636,0,0,0,0,0,0,0,0,0,0,0,0,0,3.17924605042208e-05,0.00930232553218957,0,0.0168513029348105,0,0.0083542188804131,0.00498908618465066,0,0.022245038417168,3.06363144773059e-05,0.00419433761271648,0,0.00182954716729,0,0.00859598850365728,0.00113895221147686,0,0.00489156998810358,0.00118808258412173
0.0290322591899894,0,0.200181982945651,0.00513196480460465,0.0177240687189624,0.0135493375710212,0.00968523044139147,0,0,0,0,0,0.173280418035574,0.00364298722706735,0.0276453770929947,0,0.183031462132931,0.00198412709869444,0.62992125749588,0.0550264557823539,0.00406917603686452,0.00422832975164056,0.0563758411444724,0,0,0,0.00337837846018374,0,0,0,0.0180722884833813,0,0,0,0,0,0,0,0,0,0,0.00295275589451194,0,0,0.00117164617404342,0,0,0,0,0.00360360369086266,0,0,0,0,0,0,0,0,0,0,0,0,0,0,0,0,0,0,0,0,0,0,0,0,0,0,0,0,0,0,0,0,0,0,0,0,0,0,0,0,0,0,0,0,0,0,0,0,0,0,0,0,0.00302571849897504,0.00657174177467823,0.00197433377616107,0.00242718448862433,0,0,0,0.00466744462028146,0,0,0,0,0,0,0,0,0.00383141753263772,0,0.0701754381880164,0,0.00535833882167935,0.00652528554201126,0.00112549238838255,0,0.00156128022354096,0.0404721759259701,0.0163800164591521,0.0051948050968349,0.00233566903625615,0.00802334072068334,0.00251968507654965,0.0211912954109721,0.00582335813669488,0.00930626038461924,0,0.0115485563874245,0,0,0,0.113352542277426,0.0344827581429854,0,0,0.183084585703909,0,0,0.000606060610152781,0,0,0.195183775387704,0,0.00487804878503084,0.00608828011900187,0.0348432047758251,0.00148809526581317,0.106591864489019,0.0396366650238633,0.00255754473619163,0,0,0.00546746829058975,0,0,0,0.00935453688725829,0,0,0,0,0.000871839583851397,0,0.00252844509668648,0.00101368478499353,0.0735524249030277,0.0100300903432071,0.00748129701241851,0,0,0,0,0.0034071549307555,0,0,0,0,0,0,0,0,0,0,0,0.000904568063560873,0.00242130761034787,0.00171526591293514,0,0.0059612519107759,0,0,0,0,0,0,0,0,0,0,0,0.00129198969807476,0,0,0,0,0,0,0.00138696259818971,0,0,0,0,0,0,0,0,0,0,0,0,0,0,0,0,0,0,0,0,0,0,0,0,0,0,0,0,0,0,0,0,0,0,0,0,0,0,0,0,0,0,0,0,0,0,0,0,0,0,0,0,0,0,0,0,0,0,0,0,0,0,0,0,0,0,0,0,0,0,0,0,0,0,0,0,0,0,0,0,0,0,0.00262123206630349,0,0,0,0,0,0,0,0,0,0,0,0,0,0,0,0,0,0,0,0,0,0.00184416782576591,0,0,0.00193986424710602,0,0,0,0,0,0,0,0,0,0,0,0,0.00245398771949112,0,0.00257731950841844,0,0,0,0,0,0,0,0,0,0,0,0,0,0,0,0,0,0,0,0.000130195621750318,0.00668122834758833,0.000564334099180996,0.00363856871263124,0,0.0181295600486919,0.00687679066322744,0,0.0182565033901483,0,0.000280859443591908,0,0.000392387679312378,0,0.000829875527415425,0,0,0,0.00107726964051835
0.00423408451024443,0,0.0238095230888575,0.000681547098793089,0.00409074002527632,0.0036764707765542,0.00645681982859969,0,0,0,0,0,0.073766230721958,0,0.0223018715623766,0.183031462132931,0,0.00411692046327516,0.471489353221841,0.0117820324376225,0,0.00441501103341579,0.0310880828183144,0,0.00107991357799619,0,0.00250469637103379,0,0,0,0,0,0,0,0,0,0,0,0,0,0,0,0,0,0,0.00306278723292053,0.000879120896570385,0,0,0.256073543569073,0,0,0,0,0,0,0,0,0,0,0,0.0010141987586394,0,0,0,0,0,0,0,0,0,0,0,0,0,0,0.000715051835868508,0,0,0,0,0,0,0,0,0.000625978107564151,0,0,0,0,0,0,0,0,0,0,0,0,0,0,0,0,0,0.00150829565245658,0.00140252453275025,0.000970402732491493,0,0,0,0.0047244094312191,0,0,0,0,0,0,0,0,0,0,0.00165152770932764,0,0.00524658942595124,0.00244051241315901,0.00547945196740329,0,0.00236127502284944,0.022514070617035,0.0146878827363253,0.0081925243139267,0.00156079287989996,0.00633914431091398,0.0050167225417681,0.0271446873084642,0.00399543362436816,0.00792221806477755,0,0.00603968958603218,0,0,0,0.170563962776214,0.158472555922344,0,0.0132802128791809,1.26798311667517,0,0,0,0,0.0034614052856341,0.0732113122940063,0,0.00324411992914975,0.00186915893573314,0.0109890112653375,0,0.0994671424850821,0.01477832486853,0.00334728043526411,0,0,0.00535236380528659,0,0,0,0.00269905524328351,0,0,0,0,0.00443295144941658,0,0,0.00502933782991022,0.040212889900431,0.00498545891605318,0.00329218106344342,0,0,0,0,0,0,0,0,0,0,0,0,0,0,0,0.00122324156109244,0.000762195093557239,0.00161420495714992,0.00126662442926317,0,0,0,0,0,0,0,0,0,0,0,0,0,0.00101988785900176,0,0,0,0,0,0,0.00107816711533815,0,0,0,0,0,0,0,0,0,0,0,0,0,0.000623635773081332,0,0,0,0,0,0,0,0,0,0,0,0,0,0,0,0,0,0,0,0,0,0,0,0,0,0,0,0,0,0,0,0,0,0,0,0,0,0,0,0,0,0,0,0,0,0,0,0,0,0,0,0,0,0,0,0,0,0,0,0,0,0,0,0,0,0,0,0,0,0,0,0,0,0,0,0,0,0,0,0,0,0,0,0,0,0,0,0,0,0.00241837976500392,0.00154918665066361,0,0,0.00138504151254892,0,0,0,0,0,0.00157728709746152,0,0,0,0,0,0,0,0,0,0,0,0,0,0,0,0,0,0,0,0,0,0,0,0,0,0,0,0,3.23315944115166e-05,0.00390434358268976,0,0.00261194031918421,0,0.0121555913938209,0.00278035219525918,0,0.007924921636004,0,0.000530926452483982,0,0,0,0.000382189959054813,0,0,0,0.000575953919906169
0.0147757255472243,0.00704845832660794,0.000806776923127472,0.00555880641331896,0.0261623330588918,0.0645026157726534,0.528558475896716,0.000343997235177085,0,0,0,0,0.0172890737303533,0.000807102478574961,0.00517538830172271,0.00198412709869444,0.00411692046327516,0,0.0102707750047557,0.00516129028983414,0.0033855268266052,0.055889941577334,0.158117650542408,0,0,0.000544365786481649,0.002340093604289,0,0,0,0.00664697180036455,0,0,0,0,0,0,0,0,0,0,0,0,0.000535475206561387,0.000647878216113895,0.00175978883635253,0,0,0,0.000803212868049741,0,0,0,0,0,0,0,0,0,0,0,0,0,0,0,0,0.0161109870532528,0.00052205688552931,0,0,0,0,0.0184171228320338,0.00351493858033791,0.00118098617531359,0.0035161743289791,0.00265674811089411,0.0012678288621828,0.0110732535249554,0,0.00484456995036453,0.00698080286383629,0.0101041998714209,0.00223663606448099,0.00196463655447587,0,0,0,0,0,0,0,0,0,0,0.0011405759723857,0.00230503262719139,0.00146735145244747,0,0,0,0,0,0,0,0,0,0.00282485876232386,0,0,0,0,0,0,0,0.000672947498969734,0,0,0,0,0.000918273639399558,0,0.000696136441547424,0,0,0,0.160090196470264,0.000779423222411424,0.00153787003364414,0.00205479457508773,0.00189856256474741,0,0.0017563117435202,0.00574712647357956,0.0223663606448099,0.207264967495576,0.00112930545583367,1.56590570649132,0,0,0.0227583062951453,0.00413052446674556,0.0457217486109585,0,0.00242620299104601,0.00754716986557469,0,0.00042131872032769,0.00128205129294656,0.005257623270154,0.00570539449108765,0.000922083912882954,0,0.134545455453917,0.000981835997663438,0.0446229358203709,0.0146842875983566,0.0105112279998139,0.0378232339862734,0.0296022202819586,0.000857265316881239,0,0.166406981181353,0,0,0,0.0016333197709173,0,0.0026619344134815,0.000634115422144532,0.00847757002338767,0.000544365786481649,0,0,0.000596480735111982,0.0105342359747738,0.00177830475149676,0,0,0,0,0,0,0,0.000323781772749498,0,0,0,0,0,0,0,0.000652528542559594,0.000768639496527612,0.00222779181785882,0,0.00157109193969518,0,0.00292540225200355,0,0,0,0,0,0,0,0.00147004774771631,0.000724637706298381,0.000806451600510627,0,0.000683060090523213,0,0,0,0,0,0.000773096224293113,0,0.00074794318061322,0,0,0.000624804757535458,0.000654022209346294,0,0.0034530388074927,0,0.000625782238785177,0,0,0,0,0,0,0,0,0,0,0,0,0,0,0,0,0,0,0,0,0,0,0,0,0,0,0,0,0,0,0,0,0,0,0,0,0,0,0,0,0,0,0,0,0,0,0,0,0,0,0,0,0,0,0,0,0,0,0,0,0,0,0,0,0,0,0,0,0,0.000572409830056131,0,0,0,0.000933271134272218,0,0,0,0,0,0,0,0.000754432287067175,0,0,0,0,0.000410509033827111,0,0,0,0,0.000555709935724735,0,0.000824062619358301,0.00076306750997901,0.000563539040740579,0,0,0.00165906257461756,0,0,0,0,0,0,0,0,0,0,0,0,0,0,0.000927643792238086,0.000845665985252708,0,0,0,0,0,0,0,0,0,0,0,0,0,0,0,0,0,0,3.18339552904945e-05,0.000873076496645808,0.00528025996754877,0.00316105579258874,0.000585823087021708,0.00643740495434031,0.00063999998383224,0,0.000694203423336148,3.06748479488306e-05,0.000470532890176401,0,0,0,0.00193548394599929,0,0,0.000991571636404842,9.17347060749307e-05
