0,0,0.561963174433913,2.8976166620705,0.946885998593643,0.151034016569611,0.00292558060027659,0,0,0,0,0,0.0596260720922146,0.0112801226496231,0.00119760481175035,0,0,0.000287397619104013,0.0064430549973622,0.00293147680349648,0.00286944047547877,0.0136229750060011,0.0014295926084742,0,0,0,0,0.000653381226584315,0,0,0.00129996752366424,0,0,0,0,0,0,0,0,0,0,0,0,0,0,0,0,0,0,0,0,0,0,0,0,0,0,0,0,0,0,0,0,0,0,0,0,0,0,0,0.000314317148877308,0,0.000276166800176725,0.000625782238785177,0,0,0,0,0,0,0,0,0,0,0,0,0,0,0,0,0,0,0,0,0,0,0,0,0,0,0,0,0,0,0,0.000317561120027676,0,0,0,0,0.000363702478352934,0,0,0,0,0,0,0,0.000369754125131294,0,0.0759493642835878,0,0,0,0,0.000697106996085495,0.000337723729899153,0.00102371606044471,0.00269360258243978,0.00359007838414982,0.00250144321762491,0.00241935488884337,0.00196174602024257,0.00995285529643297,0.00140075644594617,0.00738244238891639,0,0.0012137764133513,0.00106232293182984,0,0,0.0910822473233566,0.000608364993240684,0,0,0,0,0,0,0.000283848989056423,0,0,0.114542389637791,0.0040763387514744,0.00462516874540597,0.000372439477359876,0,0.00282585667446256,0.00107584721990861,0.0262074131751433,0,0,0.000648824032396078,0,0,0,0.00276290788315237,0,0.000364033505320549,0,0,0.00119296147022396,0,0,0,0.0193070156965405,0.00416542694438249,0,0.000352174683939666,0,0.00591657633776776,0,0,0,0,0.000281928398180753,0,0,0,0,0,0,0.000333834090270102,0.000345006032148376,0.000296912126941606,0,0.000361010839696974,0,0,0,0,0,0,0,0,0,0,0,0,0,0.000640922924503684,0,0,0,0,0,0,0,0,0,0,0,0,0,0,0,0,0,0,0,0,0,0,0,0,0,0,0,0,0,0,0,0,0,0,0,0,0,0,0,0,0,0,0,0,0,0,0,0,0,0,0,0,0,0,0,0,0,0,0,0,0,0,0,0,0,0,0,0,0,0,0,0,0,0,0,0,0,0,0,0,0,0,0,0,0,0,0,0,0,0.000381970981834456,0,0,0,0,0,0,0,0,0,0,0,0.000243783521000296,0,0,0.000298418395686895,0,0.00032299742451869,0,0,0,0.000325785949826241,0.000304275075905025,0,0,0,0,0,0,0,0.000277085055131465,0,0,0,0,0,0,0,0,0.000751314801163971,0,0,0,0,0,0,0,0,0,0,0,0,0,0,0,0,0,0,0,0,0,0.00295224745059386,0.000244051247136667,0.00316222205583472,0,0.0302792414731812,0.00183879869291559,0,0.00423818593844771,0,0,0,0,0,0,0,0,0,0
0,0,0,0,0.00194931775331497,0.00258983485400677,0.0131702726939693,0.00798243854660541,0,0.0206985771656036,0.0177865619771183,0.00190657773055136,0.00130633567459881,0.00276816613040864,0.00263852236093953,0,0,0.0101840974530205,0.0045924223959446,0.00570342200808227,0.00170940172392875,0,0.257142859627493,0,0,0,0,0.00233100238256156,0.00647249212488532,0.00120120123028755,0.00343249412253499,0,0,0,0,0,0,0,0,0.00109649123623967,0,0.00209424085915089,0.00186393293552101,0.00505305710248649,0.000864677887875587,0.00304182502441108,0.00279720278922468,0.00264375424012542,0,0.0202966429060325,0,0.00191509741125628,0.0143696924205869,0,0,0.00143781455699354,0,0,0,0,0,0,0,0,0,0,0.0099999998928979,0,0,0,0,0,0.0296191829256713,0.00100704934448004,0,0,0.000805801770184189,0.00190204475075006,0.00936037441715598,0.00174672494176775,0.00389105058275163,0.00191938574425876,0.00987876096041873,0.00179910042788833,0,0,0,0,0,0,0.000963855418376625,0,0,0,0.00667222682386637,0.000905797118321061,0.00138026219792664,0,0,0,0,0.00204081623815,0,0.00178094394505024,0,0,0,0.00119832239579409,0,0,0,0,0,0.00236686388961971,0,0.00770500837825239,0.00417754566296935,0,0,0,0.00225479132495821,0,0,0,0,0,0.00131926126778126,0,0.00260756188072264,0.00348432047758251,0.000334001349983737,0.00329597882227972,0.00586666673189029,0.00804953568149358,0,0.078904110006988,0.0135192228481174,0.743249441264197,0.0112721418263391,0.0781990550458431,2.19563147285953,0.00730460218619555,0.128169663890731,0,0.0168618264142424,0.0203340596053749,0.00461095105856657,0.00129561653011478,0.00382226472720504,0.062121210154146,0.00651080231182277,0.00230946880765259,0,0.00403632689267397,0,0.0601659782696515,0.335160532966256,0.00796178355813026,0.0717335587833077,0,0,0,0.0488914173329249,0,0,0,0,0,0,0,0.00121212122030556,0,0,0,0,0.00716845854185522,0.00518134713638574,0,0,0,0,0,0,0,0,0,0,0,0,0,0,0,0,0,0,0,0.00176366837695241,0,0,0,0,0,0,0,0,0,0,0,0,0,0,0,0,0,0,0,0,0,0,0,0.00166805670596659,0,0,0,0,0,0,0,0,0,0,0,0,0,0,0,0,0,0,0,0,0,0,0,0,0,0,0,0.000570450676605105,0,0,0,0,0,0,0,0,0,0,0,0,0,0,0,0,0,0,0,0,0,0,0,0,0,0,0,0,0,0,0,0,0,0,0,0,0,0,0,0,0,0,0,0,0,0,0,0,0,0,0,0,0,0,0,0,0,0,0,0,0,0,0,0.000526592950336635,0,0,0,0,0,0,0,0,0,0,0,0,0,0,0,0,0,0,0,0,0,0,0,0,0,0,0.00435729837045074,0,0,0,0,0,0,0,0,0,0,0,0,0,0,0,0,0,0,0.00201005022972822,0,0,0.00043749317410402,0.0100290317204781,0.0023617398692295,0,0.00133008204284124,0.000943396240472794,0,0.000397456286009401,0,0,0,0,0,0.000400881952373311,0,0,0,9.2644062533509e-05
0.561963174433913,0,0,0.0342307006940246,0.128887896426022,0.0156340478570201,0.00280112051405013,0,0,0.0010465724626556,0,0,0.657172963954508,0.0143646402284503,0.0272830612957478,0.298461538739502,0.0341176457004622,0.000685400969814509,0.190938517684117,0.0155257589649409,0,0.00431344367098063,0.00128617358859628,0,0,0,0,0.00192215282004327,0,0,0.0198769520502537,0,0,0,0,0,0,0,0,0,0,0,0,0.000853242294397205,0.000746826000977308,0,0,0,0,0.00607533438596874,0,0,0,0,0,0,0,0,0,0,0,0,0,0,0,0,0,0,0,0,0,0,0.000624804757535458,0,0.000713266781531274,0,0,0,0,0,0,0,0.00077160494402051,0,0,0,0,0,0,0,0,0,0,0,0,0,0,0,0,0,0,0,0.00162469537463039,0,0,0,0,0,0,0,0,0,0,0,0,0,0,0,0,0,0.100638975854963,0,0,0,0,0,0,0.00219780229963362,0.00842548720538616,0.0134163869079202,0.00125924765598029,0.00235363352112472,0.00486026721773669,0.00556328217498958,0,0.0136986299185082,0,0.00313725485466421,0.00622277555521578,0,0,0.642445190344006,0.0331491704564542,0,0,0.0711825471371412,0,0,0,0.000665557396132499,0,0.116978066973388,0.00307219661772251,0,0.00348432059399784,0.00300978170707822,0,0.0308451562887058,0.0104166669771075,0,0,0,0.000941619568038732,0,0,0,0.00685714278370142,0,0,0,0,0,0,0,0,0.0204545448068529,0.00671391282230616,0,0,0,0.000327868852764368,0,0,0,0,0.000655093346722424,0,0,0,0,0,0,0,0,0,0,0.00133422284852713,0.000749906233977526,0,0,0,0,0,0,0,0,0,0,0,0,0.000909090915229172,0,0,0,0,0,0,0,0,0,0,0,0,0,0,0,0,0,0,0,0,0,0,0,0,0,0,0,0,0,0,0,0,0,0,0,0,0,0,0,0,0,0,0,0,0,0,0,0,0,0,0,0,0,0,0,0,0,0,0,0,0,0,0,0,0,0,0,0,0,0,0,0,0,0,0,0,0,0,0,0,0,0,0,0,0,0,0,0,0,0,0,0,0,0,0,0,0,0,0,0,0,0,0,0.000589448842220008,0,0,0.000929800095036626,0,0,0,0.000953288865275681,0.000789889425504953,0,0,0,0,0,0,0,0,0,0,0,0,0,0,0,0,0.00155884644482285,0,0,0,0,0,0,0,0,0,0,0,0,0,0,0,0,0,0,0,0,0,0.00105174593045376,0.000962927297223359,0.00183620999450795,0,0.0168170632096007,0.00321931578218937,0,0.00481749125174247,0,0,0,0,0,0,0,0,0,0
2.8976166620705,0,0.0342307006940246,0,1.0625148616964,0.390593329066178,0.000744463060982525,0,0,0,0,0,0.0592364314652514,0.00903562118764967,0,0,0,0.000291417760308832,0.00154410349205136,0.00261096609756351,0.00510948884766549,0.0161169419588987,0,0,0,0,0,0,0,0,0.000990425847703591,0,0,0,0,0,0,0,0,0,0,0,0,0,0,0,0,0,0,0,0,0,0,0,0,0,0,0,0,0,0,0,0,0,0,0,0,0,0,0,0,0,0.000279876840068027,0,0,0,0,0,0,0,0,0,0.000305950728943571,0,0,0.000265816051978618,0,0,0,0,0,0,0,0,0,0,0,0,0,0,0,0,0,0,0,0,0,0.000334504089551046,0,0,0.000370164721971378,0,0,0,0,0,0,0,0.0195746289100498,0.00836470106150955,0.0373292295553256,0,0.000339155492838472,0,0,0.0269408005988225,0.000343288702424616,0.000346921064192429,0.0030800822423771,0.00132625992409885,0.00038842493086122,0.00299564262968488,0.000992555869743228,0.00503978782217018,0.000283969886368141,0.00391198054421693,0.000299535720841959,0.00030792917823419,0.00324207483208738,0,0,0.0401479139691219,0.000308689603116363,0,0,0,0,0.000447377242380753,0,0.000575539539568126,0,0.000386398751288652,0.142176480847411,0.0113186190719716,0.00196347929886542,0,0,0.000718648952897638,0.000364896928658709,0.0202058716968168,0,0,0,0,0,0,0.000351185241015628,0,0,0,0,0.000302571861539036,0,0,0,0.00806310231564566,0.00211288867285475,0.000764233875088394,0,0,0.00199104033526964,0,0,0.00041990343015641,0,0,0,0,0,0,0,0,0,0,0,0,0,0,0,0,0,0,0,0,0,0,0,0,0,0,0,0,0,0,0,0,0,0,0,0,0,0,0,0,0,0,0,0,0,0,0,0,0,0,0,0,0,0,0,0,0,0,0,0,0,0,0,0,0,0,0,0,0,0,0,0,0,0,0,0,0,0,0,0,0,0,0,0,0,0,0,0,0,0,0,0,0,0,0,0,0,0,0,0,0,0,0,0,0,0,0,0,0,0,0,0,0,0,0,0,0,0,0,0,0,0,0,0.000339500926202163,0,0,0,0,0,0,0.000272553821559995,0,0,0,0,0,0,0.000330961454892531,0.000308784918161109,0,0,0,0,0,0,0.000237051077419892,0,0,0,0,0,0,0,0,0,0,0,0,0,0,0,0,0,0,0,0,0,0,0,0,0,0,0,0,0,0,0,0.00267598309437744,0.000246944080572575,0.00298157817451283,0,0.0433057469635969,0.00155520989210345,0,0.000856347673106939,0,0.000159578718012199,0,0,0,0,0,0,0.000209380232263356,0
0.946885998593643,0.00194931775331497,0.128887896426022,1.0625148616964,0,1.14906533784233,0.00944956322200596,0,0,0,0.000478240079246461,0.000379650708055124,0.774728779069846,0.0108342363091651,0.000734753848519176,0.00048721072380431,0,0.00314520360552706,0.0450383563875221,0.0203694928786717,0.0373271893768106,0.0919923754991032,0.000917431199923158,0,0,0,0,0,0,0,0.00203334682737477,0,0.000464792014099658,0,0,0,0,0,0,0,0,0,0,0,0,0,0,0,0,0,0,0,0,0,0,0,0,0,0,0,0,0,0.000403877231292427,0,0,0,0,0,0,0,0,0,0,0,0,0.000427441758802161,0.000707714061718434,0,0,0,0,0,0.000741152500268072,0,0,0.000313283206196502,0,0,0,0,0.00038131553446874,0,0,0,0,0,0,0,0,0,0,0,0.000991080305539072,0,0,0.00276570516871288,0,0,0,0,0.00234576582442969,0.00045372050954029,0,0,0,0,0,0,0.000958543037995696,0,0.0778900682926178,0,0,0,0,0,0.00042680324986577,0.000864864850882441,0.00467687065247446,0.00367947659105994,0.00240227118774783,0.00741457100957632,0.00289017334580421,0.0187499995809048,0.00203286472242326,0.0156156156153884,0,0.002614379132865,0.00362647324800491,0,0,0.0771094935771544,0.00412062177201733,0,0,0.000439850438851863,0,0,0,0.000344234082149342,0,0,0.0881421979574952,0.0235520307614934,0.00252972415182739,0.00290275766747072,0,0.0198825118131936,0.00184289331082255,0.0608865084359422,0,0,0.000811523641459644,0,0,0,0.00482985729468055,0,0.000469704100396484,0,0,0.00182815361768007,0,0,0,0.026286966749467,0.00984323769807816,0.00146555935498327,0,0,0.0017967433668673,0,0,0,0,0,0,0,0,0,0,0,0.000420609896536916,0,0.00145454541780055,0,0,0.000365497078746557,0,0,0,0,0,0,0,0,0,0,0,0,0.000399600394302979,0,0,0,0,0,0,0,0,0,0,0,0,0,0,0,0,0.000461041956441477,0,0,0,0,0,0,0,0,0,0,0,0,0,0,0,0,0,0,0,0,0,0,0,0,0,0,0,0,0,0,0,0,0,0,0,0,0,0,0,0,0,0,0,0,0,0,0,0,0,0,0,0,0,0,0,0,0,0,0,0,0,0,0,0,0,0,0,0,0,0,0,0,0,0,0,0,0,0,0.00048285853699781,0,0,0,0,0,0,0,0.000322684732964262,0.000365898275049403,0,0.000403551239287481,0,0,0,0,0,0,0,0,0,0,0,0,0,0,0,0,0,0,0,0,0,0.000489236786961555,0,0,0,0,0,0,0,0,0,0,0,0,0,0,0,0,0,0,0,0,0,0.00422317863558419,0,0.00484789721667767,0,0.0234344496857375,0.00264650277676992,0,0.00268227262131404,0,0,0,0,0,0.000490256177727133,0,0,0,0
0.151034016569611,0.00258983485400677,0.0156340478570201,0.390593329066178,1.14906533784233,0,0.193287754547782,0.000279095722362399,0,0,0,0,0.157894736446906,0.00833333353511989,0,0.00129449833184481,0,0.0174171617254615,0.155320561607368,0.192703453882132,0.333233085926622,0.870166577398777,0.00358744408003986,0,0,0,0,0.00103332474827766,0,0,0.00204970524646342,0,0,0,0,0,0,0,0,0,0,0,0,0,0,0,0,0,0,0.00174621655605733,0,0,0,0,0,0,0,0,0,0.000593471806496382,0,0,0,0,0,0,0,0,0,0,0,0.000412031309679151,0.00160288519691676,0,0.000435350462794304,0.000545851537026465,0,0,0,0,0,0,0.000456412584753707,0,0,0,0,0,0,0,0.000472813233500347,0,0,0,0,0,0.000554938975255936,0,0,0,0,0,0.0013240649132058,0,0,0.00494193227495998,0,0.000523012538906187,0.000559127773158252,0.00250626564957201,0.00431034475332126,0.00176834652666003,0,0,0,0,0,0,0,0,0.0249835645081475,0,0.00106894713826478,0,0,0,0.00653772801160812,0.00609418278327212,0.0070479802088812,0.00619035330601037,0.00687707238830626,0.0127192140498664,0.00135478412266821,0.0508820797840599,0.00572831433964893,0.0246231153141707,0.00088456436060369,0.00230414749239571,0.00588754774071276,0,0.000623441417701542,0.00681044301018119,0.00971322853001766,0,0,0.0022650056052953,0,0,0,0.00125130341621116,0,0,0.068564036861062,0.0508582312613726,0.0524166118120775,0.0070535431150347,0,0.249193795025349,0.0180396874202415,0.167583306378219,0,0,0.00562084815464914,0,0,0,0.0225988705642521,0,0.00061671290313825,0,0,0.00538720528129488,0,0,0,0.0800000037997961,0.0102885258966126,0.00259824609383941,0,0,0.000760456285206601,0,0,0,0,0,0,0,0,0,0,0,0,0,0.00178372347727418,0,0,0,0,0,0,0,0,0,0.000471031555207446,0,0,0,0,0,0,0,0,0,0,0,0,0,0,0,0,0,0,0,0,0,0,0,0,0,0,0,0,0,0,0,0,0,0,0,0,0,0,0,0,0,0,0,0,0,0,0,0,0,0,0,0,0,0,0,0,0,0,0,0,0,0,0,0,0,0,0,0,0,0,0,0,0,0,0,0,0,0,0,0,0,0,0,0,0,0,0,0,0,0,0,0,0,0,0,0,0,0,0,0,0,0,0,0,0,0,0,0,0,0,0,0,0.000507485412526876,0,0,0,0,0,0,0,0,0,0,0,0.000318369944579899,0,0,0,0,0,0,0,0,0,0.000650829810183495,0,0,0,0,0,0,0,0,0,0,0,0,0,0,0,0,0,0,0,0,0,0.003717472020071,0.000336473749484867,0.0129906020883936,0,0.0585058482829481,0.0145029236155096,0,0.00584388489369303,0,0.000192715364391916,0,0,0,0,0,0,0,0
0.00292558060027659,0.0131702726939693,0.00280112051405013,0.000744463060982525,0.00944956322200596,0.193287754547782,0,0,0,0.00119402981363237,0,0,0.0120481930207461,0.00127064797561616,0.00166458589956164,0,0,0.346756144717801,0.0280000013299286,0.0135478405281901,0.0246343333274126,1.18268401338719,0.0075815012678504,0,0,0,0,0,0,0,0.00319659034721553,0,0,0,0,0,0,0,0,0,0,0,0,0.000948766595683992,0,0,0,0,0,0,0,0,0.00120481930207461,0,0,0,0,0,0,0,0,0,0,0,0,0,0.000639181875158101,0,0.000533333339262754,0,0,0,0.00269814510829747,0,0,0,0.00229797017527744,0,0.00141743442509323,0,0,0.000903750536963344,0.000848896452225745,0,0,0.00119653006549925,0,0,0,0,0.000907441019080579,0,0,0.00117164617404342,0.00150602404028177,0,0,0,0,0,0,0,0.00201005022972822,0.00319488812237978,0.00135501357726753,0.00791687238961458,0,0.0011123470030725,0.0012894906103611,0.00343053182587028,0.0114566286792979,0.00292611564509571,0,0,0,0,0,0,0,0,0.00590551178902388,0,0.00582750595640391,0,0,0,0.00364741624798626,0.00378787878435105,0.012026458280161,0.00648298230953515,0.00719306874088943,0.0151754664257169,0.0041247745975852,0.0619231914170086,0.00698812014888972,0.123848513932899,0,0.104580814600922,0.00729394610971212,0,0,0.00534045416861773,0.0208877278491855,0,0,0.00265604257583618,0,0.000420168071286753,0,0.00216684717452154,0,0,0,0.751785718486644,0.0570175442844629,0.0164684354094788,0,0.0216606503818184,0.0123076923191547,0.0112676059361547,0,0,0.0932203391566873,0,0,0,0.0343461041338742,0,0.00164338538888842,0,0,0.00658707274124026,0,0,0,0.123359579592943,0.0147239266661927,0.00379867036826909,0,0,0,0,0,0,0,0,0,0,0,0,0,0,0,0.00131578953005373,0,0,0,0,0,0,0,0,0,0,0,0,0.00125234818551689,0,0,0,0,0,0,0,0,0,0,0,0,0,0,0,0,0,0,0.00161550892516971,0,0.00154202000703663,0,0,0,0,0,0,0,0,0,0,0,0,0,0,0,0,0,0,0,0,0,0,0,0,0,0,0,0,0,0,0,0,0,0,0,0,0,0,0,0,0,0,0,0,0,0,0,0,0,0,0,0,0,0,0,0,0,0,0,0,0,0,0,0,0,0,0,0,0,0,0,0,0,0,0,0,0,0,0,0,0,0,0,0,0,0,0,0,0,0,0,0,0,0,0,0,0,0,0,0,0,0,0,0,0,0,0,0,0,0,0,0,0,0,0,0,0,0,0,0,0,0,0,0,0,0,0,0,0,0,0,0,0,0.0012942191970069,0.000510464538820088,0.0115163149894215,0,0.0254310343880206,0.00978212541667745,0,0.00271265266928822,0,0,0,0,0,0,0,0,0,9.20937527553178e-05
0,0.00798243854660541,0,0,0,0.000279095722362399,0,0,0.0858214542386122,0.160056907043327,0.0298683424480259,0.0275303638773039,0,0,0.000314911041641608,0,0,0,0.00040420371806249,0.000389939552405849,0,0,0.00189861399121583,0,0,0.00229320238577202,0.00100435220520012,0.000345244247000664,0.00112930551404133,0,0.000686695275362581,0,0,0,0,0.242774567159358,0.0120120123028755,0.00034530388074927,0.00217155274003744,0.434502621355932,0.00189035912626423,0.0133622845169157,0.0379238300374709,0.0280713351094164,0.00719874823698774,0.000741839758120477,0.00642880098894238,0.00286225392483175,0.00141869124490768,0.0100783878006041,0.0556948689045385,0.081830789858941,0.216833101585507,0.24100945959799,0.223785382811911,0.2384784250753,0,0,0,0.000377928954549134,0,0,0.00341355189448223,0,0,0,0.00508690107380971,0.000987491745036095,0.000259807740803808,0.00102581633836962,0.000662910169921815,0,0.00433965004049242,0.00197921827202663,0,0.000358037941623479,0,0.00776698999106884,0.0022392236860469,0.00268096520449035,0,0.000973867921857163,0.00222081213723868,0.00161899620434269,0.000330687820678577,0.000274310790700838,0,0,0,0.000359001976903528,0,0,0,0,0.0178165279794484,0.0891010381747037,0.00434310548007488,0.000780640111770481,0.0396113601746038,0.0762864362914115,0.00828625232679769,0.0620921496592928,0,0.00230769230984151,0.00294985249638557,0.00603116123238578,0,0.00835363729856908,0.00436442974023521,0,0.0108317211270332,0.00188146761502139,0.00163065630476922,0.0134091834188439,0.0223094400716946,0.0471666110097431,0.0670894554932602,0,0,0,0,0,0,0.000373552495148033,0,0,0,0.000723065808415413,0.000356442702468485,0.000689774111378938,0,0,0.00229973177192733,0.000821130437543616,0,0.00372754997806624,0.00248292996548116,0.0172468858072534,0.000752021034713835,0,0.0058479534345679,0,0.00544348399853334,0.00585544388741255,0.0193174509331584,0.00330033010686748,0.00309704066603445,0.00390445574885234,0.00750332789903041,0.0145898468326777,0.0230686694849283,0,0,0,0.000411522632930428,0,0.00709749740781263,0,0.00419207301456481,0,0.000376718788174912,0,0.00137080193962902,0,0,0,0.00732332468032837,0.0188309135846794,0.00309777352958918,0.000345006032148376,0.00104766892036423,0,0,0,0,0,0,0,0.000747663551010191,0,0,0,0,0,0,0,0,0.000208420169656165,0,0,0,0.000377714837668464,0,0.000731528911273926,0,0,0,0,0,0,0,0,0,0,0,0.000346981250913814,0,0,0,0,0,0,0,0,0.000385802472010255,0,0,0.00135409610811621,0,0.00794473240966909,0.00454890076071024,0,0.000332778698066249,0.000313479627948254,0,0,0,0,0,0,0,0.000253100472036749,0,0,0.000897531746886671,0.000349222973454744,0.00107681262306869,0,0,0.00194174761418253,0,0,0,0,0,0,0,0,0.000263747846474871,0,0.00031999999191612,0,0,0,0,0,0,0,0,0,0,0,0,0.000304878049064428,0,0,0,0,0,0,0,0,0,0,0,0,0,0,0,0,0,0,0,0,0,0,0,0,0,0,0,0,0,0,0,0,0,0,0,0,0,0,0,0,0,0,0,0,0,0,0,0,0,0,0,0,0,0,0,0,0,0.000344234082149342,0,0,0,0,0,0,0,0,0,0,0,0,0,0,0,0,0,0,0,0,0,0.00039984006434679,0,0,0,0,0,0.000334728043526411,0,0,0,0,0,0,0,0,0,0,0.00147221205406822,0.12874432708486,0.488176960498095,0.189997812121874,0.0637949009542353,0.00605496030766517,0.0019364207983017,0,0.10824459149444,3.84667182515841e-05,0.00260162609629333,0.00171421567210928,0.000810454890597612,0.000308213901007548,0.000220604459173046,0,0,0.000429230596637353,0.025092537747696
0,0,0,0,0,0,0,0.0858214542386122,0,0.00437499990221113,0,0.000533049053046852,0,0,0,0,0,0,0,0,0,0,0,0,0,0.000543183065019548,0,0,0,0,0,0,0,0,0,0.475605332059786,0.0123924269573763,0.000593647942878306,0.0373831785982475,0.000575043144635856,0,0.00168350175954401,0.000526315765455365,0.00330305518582463,0.00100831862073392,0,0,0,0,0.000681431032717228,0.091579357162118,0.180906622583279,0.308320253214333,0.00510594865772873,0.0081300811143592,0,0,0,0,0,0,0,0,0,0,0,0.000429737847298384,0,0,0,0,0,0.000445434299763292,0.00109890114981681,0,0,0.000483559007989243,0.000532339618075639,0.000681198900565505,0,0,0.000535045459400862,0.00051533110672608,0,0,0,0,0,0,0,0,0,0,0,0,0.00673226319486275,0.0012890751240775,0,0.000682826910633594,0.0695374791976064,0.0103914094506763,0.0144267269060947,0.00476190482731909,0.00936262134928256,0.0126624462427571,0.00112803163938224,0,0.00421306031057611,0.000650195055641234,0,0.0014561340212822,0,0,0.00480192073155195,0.00496277923230082,0.0288101407932118,0.0151302881422453,0,0,0,0,0,0,0,0,0,0,0,0,0,0,0,0,0,0,0.000574877834878862,0,0.000520968984346837,0,0,0,0,0,0.000657462223898619,0,0,0.012393036566209,0.00286396194132976,0,0,0,0,0,0,0,0,0,0,0,0,0,0,0,0,0,0,0.0177690034615807,0.0164485981222242,0,0,0,0,0,0,0,0,0,0,0,0,0,0,0,0,0,0,0,0,0,0,0,0,0,0,0,0,0,0,0,0,0,0,0,0,0,0,0,0,0,0,0,0,0,0,0.000724375247955322,0,0,0,0,0,0,0,0,0,0,0,0,0,0,0,0,0,0,0,0,0,0,0,0,0,0,0,0,0,0,0,0,0,0,0,0,0,0,0,0,0,0,0,0,0,0,0,0,0,0,0,0,0,0,0,0,0,0,0,0,0,0,0,0,0,0,0,0,0,0,0,0,0,0,0,0,0,0,0.00084139674436301,0,0,0,0,0,0,0,0,0,0,0,0,0,0,0,0,0,0,0,0,0,0,0,0,0,0,0,0,0,0,0,0,0,0,0,0,0,0,0,0,0,0,0,0,0,0,0,0,0,0,0,0,0,0,0,0,0,0,0,0,0,0,0,0,0,0,0.000528455300809583,0.0222283968469128,0.0158001098898239,0.0305864875845145,0.0121325247455388,0,0.0010598833905533,0,0.0236314687936101,0,0.000202490627998486,0,0,0,0,0,0,0,0.00421650456701173
0,0.0206985771656036,0.0010465724626556,0,0,0,0.00119402981363237,0.160056907043327,0.00437499990221113,0,0.0837438409216702,0.169741694116965,0,0,0.00207900203531608,0,0,0.00126382301095873,0.00269723543897271,0.0024038462433964,0.00112233450636268,0,0.00776914565358311,0,0,0,0,0,0,0.000878348713740706,0,0,0,0,0,0,0.00107353727798909,0,0,0.000821018067654222,0.00328767125029117,0.00158604281023145,0.0297316890209913,0.0370513312518597,0.00136752135585994,0,0.00362713093636557,0.00564705894794315,0.00183992634993047,0.00845219194889069,0.00486381322843954,0.01655540720094,0.0139990670140833,0.107826083840337,0.0241691842675209,0.0249625561991706,0,0,0,0.00547345378436148,0,0,0,0,0,0,0.116832780942786,0.000765990058425814,0,0,0,0,0.0452436179621145,0.00153964583296329,0.00262209121137857,0,0,0.0162062620511279,0.00633579748682678,0.00910643115639687,0.000928505090996623,0.00222551927436143,0.00634026067564264,0.00050671398639679,0.00154858687892556,0,0,0,0.000896057346835732,0,0,0,0,0,0.0209828816587105,0.191489355638623,0.0388161092996597,0.0036166365025565,0.0010598833905533,0,0.00216802163049579,0,0,0.00230547552928329,0.00204185815528035,0.000798722030594945,0,0.00263042526785284,0,0,0.00117302057333291,0,0,0.0205902534071356,0.00872093020007014,0.00823384092655033,0.0158290460240096,0,0,0,0,0,0,0.00105876126326621,0,0,0,0,0,0.000856898026540875,0,0,0.000458505266578868,0.00104112445842475,0.00059790734667331,0.0106688551022671,0.00402819737792015,0.0286020734347403,0.00107874860987067,0,0.00720720738172531,0.00100959115661681,0.00575332622975111,0.00600000028498471,0.0378594845533371,0.00703871331643313,0,0.00114438298624009,0.00625260508968495,0.0159901595907286,0.0145326993661001,0,0,0,0,0.00253807101398706,0.0158814189489931,0.00107066379860044,0.00560852524358779,0,0.00216919742524624,0,0.00253057776717469,0,0,0,0.00200300454162061,0.00122473970986903,0,0,0.000884173321537673,0.000686813204083592,0,0.00127064797561616,0,0,0.000683060090523213,0,0,0,0,0,0,0,0,0,0,0,0,0,0,0,0,0.000998502247966826,0,0,0,0,0,0,0,0,0,0,0,0.00173988693859428,0.000961538462433964,0,0,0,0,0,0,0,0,0,0,0.000818665546830744,0,0.00688172038644552,0.015461070695892,0,0.00943025574088097,0.00137221266049892,0,0,0,0,0,0.000986679806374013,0,0,0,0,0,0,0.000949216890148818,0.00112549238838255,0,0.00593471806496382,0,0,0.000717617513146251,0,0,0,0,0,0,0.000631711911410093,0,0,0.000838574429508299,0,0,0,0.000624609645456076,0,0,0,0,0,0,0,0,0,0,0,0,0,0,0,0,0,0,0,0,0,0,0,0,0,0,0,0,0,0,0,0,0,0,0,0,0,0.00139372819103301,0,0,0,0,0,0,0,0,0,0,0,0,0,0,0,0,0,0,0,0,0,0,0,0,0,0,0,0,0,0,0,0,0,0,0,0,0,0,0,0,0,0,0,0,0,0.00120409391820431,0,0,0,0,0,0,0,0,0,0,0,0,0,0,0,0,0,0,0,4.15299655287527e-05,0.00717580740456469,0.314928422507364,0.016160196159035,0.00554870517225936,0.000390396249713376,0,0,0.00354358606273308,0,0.000905489549040794,0.00170140364207327,0.000312207295792177,0,0,0,0,0,0.000810810830444098
0,0.0177865619771183,0,0,0.000478240079246461,0,0,0.0298683424480259,0,0.0837438409216702,0,0.276654412795324,0,0,0,0,0,0,0.00210748147219419,0.00353982299566269,0,0,0.00315457419492304,0,0,0.000949667592067271,0,0,0.00152207002975047,0,0,0,0,0,0,0,0,0,0,0,0.00309837330132723,0,0.0125899283448234,0.00680602836655453,0,0.00143575016409159,0,0,0,0,0.0022358859423548,0.00373715360183269,0,0.000854335725307465,0.00189214758574963,0.281824380392209,0,0,0,0.00309358071535826,0,0,0,0,0,0,0.00194931775331497,0,0,0.0010810811072588,0,0,0.0775566211668774,0.0174418604001403,0.00238379021175206,0,0.000781250011641532,0.160476843302604,0.150000002933666,0.704824182554148,0.0111111116129905,0.00370027753524482,0.00867678958456963,0.000585994741413742,0.00195217179134488,0,0,0,0,0,0.000928936351556331,0,0,0,0.00313234142959118,0.0131233598222025,0.00654878851491958,0,0.0059127863496542,0,0,0.00378071842715144,0,0.00166527891997248,0.0014035088242963,0,0,0.00228963932022452,0,0,0,0,0.00220507173798978,0.0021668472327292,0,0.00422163587063551,0.00301053689327091,0,0,0,0,0,0,0,0,0,0,0,0.00248138955794275,0.00111111113801599,0,0,0.00835945643484592,0.00060459494125098,0,0.00945874932222068,0.0114519429625943,0.0326999552198686,0.00151515146717429,0.00339750840794295,0.00530503992922604,0.00138217001222074,0.00178015127312392,0.0013642564881593,0.00271125161089003,0,0,0.000849437259603292,0.000938086304813623,0.00809418689459562,0.0104136534500867,0,0,0,0,0,0.0309963093604892,0,0,0,0,0,0,0,0,0,0,0,0.00171526591293514,0,0.00231481483206153,0,0,0,0,0,0,0,0,0,0,0,0,0,0,0,0,0,0,0,0,0,0,0,0,0,0,0,0,0,0,0,0,0,0,0.00226628896780312,0,0,0,0,0,0,0,0,0,0,0,0,0,0.00223338906653225,0.0109631950035691,0,0.000994530040770769,0.000839983171317726,0,0,0,0,0,0,0,0,0,0,0,0,0.00381436734460294,0,0,0.00521285855211318,0,0,0.000887705304194242,0,0,0,0,0,0,0,0,0,0,0,0,0,0,0,0,0,0,0,0,0,0,0,0,0,0,0,0,0,0,0,0,0,0,0,0.00110314390622079,0,0,0,0,0,0,0,0,0,0,0,0,0,0,0,0.00221975590102375,0,0,0,0,0,0,0,0,0,0,0,0,0,0,0,0,0,0,0,0,0,0,0,0,0,0,0,0,0,0,0,0,0,0,0,0,0,0,0,0,0,0,0,0,0,0,0,0,0,0,0,0,0,0,0,0,0,0,0,0,0,0,0,0,0,0,0.00433792418334633,0.125678817217704,0.00736576883355156,0.00147601473145187,0,0,0,0.000782778894063085,0,0.000240934823523276,0,0.00102179835084826,0,0,0,0,0.000375939853256568,0.000369242130545899
0,0.00190657773055136,0,0,0.000379650708055124,0,0,0.0275303638773039,0.000533049053046852,0.169741694116965,0.276654412795324,0,0,0,0,0,0,0,0.000982800964266062,0.00180505414027721,0,0,0.00169923529028893,0,0,0.000626566412393004,0,0,0,0.000706963590346277,0,0,0,0,0,0,0,0,0,0.00133868807461113,0.00252419023308903,0.000650618108920753,0.00966767407953739,0.00445434293942526,0,0,0.000604412227403373,0,0,0.000817995925899595,0.00128644943470135,0.00279264600249007,0.00296846008859575,0.00175080250483006,0,0.0532289647962898,0,0,0,0.00252206803997979,0,0,0,0,0,0,0.0408261275151744,0.00126462220214307,0,0.000681198900565505,0,0,0.0805000038235448,0.00380952365230769,0.00111018598545343,0,0.000548546377103776,0.0667278844630346,0.0139002448995598,0.0597661344800144,0.00369549146853387,0.00369458121713251,0.010026540781837,0.000444543227786198,0.000637958524748683,0,0.000583941582590342,0,0.000718390801921487,0,0,0,0,0,0.0016927634133026,0.0142348757945001,0.0298507455736399,0.000904568063560873,0.000820008222945035,0,0,0,0,0.000874508114065975,0.000796495412942022,0,0,0.000705965387169272,0,0,0,0,0,0.00398208061233163,0.00103734445292503,0.00134183163754642,0.0012991230469197,0,0,0,0,0,0,0,0,0,0,0,0.00148257974069566,0,0,0.000952834670897573,0.004070004215464,0,0,0.00869856146164238,0.00339847058057785,0.0238877278752625,0,0.000701262266375124,0.000902119965758175,0,0.00240023992955685,0.000783699040766805,0.00363746588118374,0,0,0.00103537528775632,0.00261682242853567,0.0068349102512002,0.0101254676410463,0,0,0,0,0.000939849647693336,0.0262187626212835,0.000826446281280369,0.000856531027238816,0,0,0,0.00205268565332517,0,0,0,0,0,0.0017761989729479,0,0.000710732070729136,0,0,0,0,0,0,0,0,0,0,0,0,0,0,0,0,0,0,0,0,0,0,0,0,0,0,0,0,0,0,0,0,0,0,0.00350754125975072,0,0,0,0,0,0,0,0,0,0,0,0,0,0,0.0050782902399078,0,0.00129157246556133,0.00115373521111906,0,0,0,0,0,0,0,0,0,0,0.000530222721863538,0,0.000752162479329854,0,0,0.00178810907527804,0,0,0,0,0,0,0,0,0,0,0,0,0.00136193400248885,0,0,0,0,0.000548696843907237,0,0,0,0,0,0,0,0,0,0,0,0,0,0,0,0,0,0.000564015819691122,0,0,0.000689893087837845,0,0,0,0,0,0,0,0,0,0,0,0,0,0,0,0,0,0,0,0,0,0,0,0,0,0,0,0,0,0,0,0,0,0,0,0,0,0,0,0,0,0,0,0,0,0,0,0,0,0,0,0,0,0,0,0,0,0,0,0,0,0,0,0,0,0,0,0,0,0,0,0,0,0,0,0,0,0,0,0,0,0,0.00310468603856862,0.132848779496271,0.00640512385871261,0.00210748147219419,0,0,0,0.000645577791146934,0,0.000426121230702847,0.0003806623572018,0.000287438917439431,0,0.000325044704368338,0,0,0,0.000615330507571343
0.0596260720922146,0.00130633567459881,0.657172963954508,0.0592364314652514,0.774728779069846,0.157894736446906,0.0120481930207461,0,0,0,0,0,0,0.0127326147630811,0.0125391846522689,0.0861618812195957,0.00724637694656849,0.00507936486974359,0.457765661180019,0.0388114005327225,0.0135823432356119,0.050523720565252,0.00223838840611279,0,0,0,0,0,0.00218221498653293,0,0.010234541259706,0,0,0,0,0,0,0,0,0,0,0,0,0,0,0.00104602507781237,0,0,0,0.00638977624475956,0,0,0.000939849647693336,0,0,0,0,0,0,0,0,0.000868432456627488,0,0,0,0,0.000556018901988864,0,0,0,0,0,0.003495485172607,0.000774293439462781,0,0,0,0,0.00212879199534655,0,0.000935016374569386,0,0.00212464586365968,0.000508647004608065,0,0,0,0,0,0,0,0,0,0,0,0,0.000977517105638981,0,0,0,0,0,0.0013670539483428,0.00116279069334269,0.00102880655322224,0.000803535571321845,0,0,0,0,0.00118343194480985,0,0,0,0,0,0,0,0,0,0.0309973038965836,0,0,0,0,0,0,0.00194931775331497,0.00469263264676556,0.00862440734636039,0.00121488235890865,0.00275406229775399,0.00690131113515235,0.0120198593940586,0.000600600615143776,0.018166804802604,0,0.00215672183549032,0.0108754762914032,0,0,0.17599186359439,0.0426608826965094,0,0,0.0364741659723222,0,0,0.00083629519212991,0.00123571208678186,0,0.0669856434687972,0,0.00125944579485804,0.00144927541259676,0.00896861008368433,0,0.0777118178084493,0.0147058829898015,0.00391389441210777,0,0,0.000848896452225745,0,0,0,0.00201816344633698,0,0.00118694361299276,0,0,0,0,0.00128287367988378,0,0.0200803205370903,0.0102986610727385,0.00131492444779724,0,0,0,0,0,0,0,0,0,0,0,0,0,0,0,0,0,0,0,0,0,0,0,0,0,0,0,0,0,0,0,0,0.000822368427179754,0,0,0,0,0,0,0,0,0,0,0,0,0,0,0,0,0,0,0,0,0,0,0,0,0,0,0,0,0,0,0,0,0,0,0,0,0,0,0,0,0,0,0,0,0,0,0,0,0,0,0,0,0,0,0,0,0,0,0,0,0,0,0,0,0,0,0,0,0,0,0,0,0,0,0,0,0,0,0,0,0,0,0,0,0,0,0,0,0,0,0,0,0,0,0,0,0,0,0,0,0,0,0,0,0,0,0.000839278218336403,0,0,0,0.000858369108755141,0.000723588978871703,0,0,0,0,0,0,0,0.000586682290304452,0,0,0,0,0,0,0,0,0.00264026410877705,0,0,0,0,0,0,0,0,0,0,0,0,0,0,0,0,0,0,0,0,0,0.00102669408079237,0.00136798902531154,0.00352236704202369,0,0.0133124510757625,0.00147221202496439,0,0.00497424072818831,0,0,0,0,0,0.00107411382487044,0,0,0,0
0.0112801226496231,0.00276816613040864,0.0143646402284503,0.00903562118764967,0.0108342363091651,0.00833333353511989,0.00127064797561616,0,0,0,0,0,0.0127326147630811,0,0.0215439847670496,0.00138312589842826,0,0.00195822457317263,0.00289435591548681,0.00383877160493284,0,0.010409889742732,0.00117577891796827,0,0,0.000787711702287197,0.00581395335029811,0.00179613835643977,0.00686891796067357,0.0505514707765542,0.823373162420467,0.0951776630245149,0.341849145712331,0.403002306935377,0.195664254948497,0,0,0.00628930830862373,0,0.000856531027238816,0.00348027830477804,0.00165220978669822,0.00677455798722804,0,0.00141643057577312,0,0,0,0,0.00111607147846371,0,0,0,0,0,0,0.0810631195781752,0.215805473737419,0.0296735903248191,0.108922360930592,0.0861140992492437,0.0730717172264121,0.0549498471664265,0.0336134468670934,0.0113636363530532,0,0,0.00398406380554661,0.0411423046898562,0.0026281209429726,0.00324149103835225,0.0161993764340878,0,0.00640768930315971,0,0,0,0,0,0,0.000974184134975076,0.000770712911617011,0.00219138065585867,0.00260010390775278,0,0.00429530208930373,0.00937950937077403,0.00289750099182129,0.00187705305870622,0.010972568183206,0,0,0.00207972270436585,0,0,0.000735564564820379,0,0.00128369708545506,0,0,0,0.00402414472773671,0.00435729848686606,0.00367197068408132,0.00430570496246219,0.00499375769868493,0,0.00550458719953895,0.00103466119617224,0.00129198969807476,0.00124688283540308,0,0,0.0103244837373495,0,0,0,0,0.149273452581838,0,0.735336213139817,0,0,0.00335570471361279,0.00214592280099168,0,0,0.00813835207372904,0.0107579461764544,0.0107478727586567,0,0.000564174901228398,0.00469373393571004,0.00534616410732269,0.000616522796917707,0.0136986300349236,0.000694927060976624,0.0111275963718072,0.00456360541284084,0,0,0.04574467940256,0.00895522395148873,0,0,0.00211864407174289,0,0.00155581487342715,0.00170321483165026,0.00253887660801411,0.00051413883920759,0,0.0207182328449562,0.00266311573795974,0.00618238002061844,0.00135593221057206,0,0,0,0.00414651003666222,0.161790015874431,0.00355029583442956,0.00792951561743394,0.11333333211951,0.00472069240640849,0.0131651130504906,0.00949367042630911,0,0.00500312680378556,0.00627521285787225,0.000925497442949563,0.0007114905747585,0,0.00543109280988574,0.000722021679393947,0.00944386096671224,0.00495224638143554,0,0.113228705246001,0.033137361286208,0,0,0,0,0,0,0,0.000331674964400008,0,0,0,0,0,0.099894842132926,0.00422386487480253,0,0,0,0,0,0,0,0,0,0,0,0,0,0.00823529378976673,0.00173761951737106,0.00937766424613073,0.00122399022802711,0,0.00132538110483438,0.0173053150065243,0,0.00192030728794634,0.00597779656527564,0.000834028352983296,0.00539568357635289,0.00233918125741184,0.00197628466412425,0.000818330619949847,0.000710732070729136,0.000825423048809171,0.00123456795699894,0,0,0.00114810559898615,0.00207684328779578,0,0.000461254618130624,0,0.000848896452225745,0.00192369357682765,0,0.000997008988633752,0,0.00217273226007819,0.0113636363530532,0.00203252024948597,0.00465657748281956,0.00148920330684632,0.0036630037939176,0,0,0.000631512491963804,0,0.00298730400390923,0.00130505708511919,0.00149031297769397,0.00248653121525422,0,0,0,0,0,0,0,0,0,0,0,0,0,0.000560538144782186,0.00325732887722552,0.00161485665012151,0.00091199268354103,0.00387747189961374,0,0,0.000639181875158101,0,0,0,0,0,0,0,0,0,0,0.00127064797561616,0,0,0,0,0,0,0,0,0,0.00324149103835225,0.00149925041478127,0,0,0,0,0,0,0,0,0,0,0,0,0.000956022937316447,0,0,0,0,0,0,0,0,0,0,0,0,0,0,0,0,0,0,0,0,0.000334168755216524,0.000431220367318019,0,0,0,0,0,0,0,0,0,0.0027991603128612,0.0153846158646047,0.00246457173489034,0,0,0,0,0,0,0,0.00083022000035271,0,0,0,0,0,0,0,0,0.00398406386375427,0,4.16172479162924e-05,0.024031488748733,0.0186046515591443,0.0396995718183462,0.00381800823379308,0.00637196330353618,0.00380083627533168,0.0216216221451759,0.0104636476607993,0,0.00549576384946704,0.0043468811782077,0.0041237112309318,0.00136845710221678,0.00181818177225068,0,0,0.00208586821099743,0.000633512820058968
0.00119760481175035,0.00263852236093953,0.0272830612957478,0,0.000734753848519176,0,0.00166458589956164,0.000314911041641608,0,0.00207900203531608,0,0,0.0125391846522689,0.0215439847670496,0,0.0404395612422377,0.035140186897479,0,0.0741745812119916,0.00836120394524187,0.00159362552221864,0,0.00474308291450143,0,0.00127877236809582,0,0.00061785604339093,0.00785340322181582,0.586180135142058,0.542429277847987,0.523316049017012,0.00166320172138512,0.00485240598209202,0.00468566967174411,0.0045662100892514,0,0,0,0,0.000632111274171621,0,0,0,0.000602591142524034,0.00547495204955339,0.157438794209156,0,0.00210304936626926,0,0.292254856321961,0,0,0.000696621369570494,0,0,0,0.000856898026540875,0,0,0,0,0,0.000640615005977452,0,0,0,0.000460829498479143,0,0,0,0,0,0.00143678157473914,0.000601322914008051,0,0,0,0,0.000762776529882103,0,0,0,0.000560695247258991,0.00085561495507136,0.00181214127223939,0.000439174356870353,0,0,0,0,0,0,0,0,0.00157542340457439,0.00225479132495821,0.00143420579843223,0,0,0,0.000777302775532007,0.000862068962305784,0.0063463281840086,0.00974421459250152,0.00372162263374776,0.00061881187139079,0,0.000664672639686614,0.000724112964235246,0,0,0,0,0.000915331824216992,0.000950570334680378,0,0,0,0,0,0.00449034589109942,0,0,0.00611387100070715,0.00165517249843106,0,0,0.0143112696241587,0.0375782889313996,0.0333115597022697,0.00136462884256616,0.00274348421953619,0.0117878196761012,0.00919037222047336,0.000491038546897471,0.0202211681753397,0.00377663876861334,0.00680851098150015,0.0224632064346224,0,0.00835770973935723,0.121816172904801,0.0740951840998605,0,0.0253237397409976,0.315789479354862,0,0.00033495225943625,0.00470503093674779,0.0045226130168885,0.00466200453229249,0.00997280143201351,0,0.00171600177418441,0.00565237866248935,0.00173611112404615,0.00229270162526518,0.00924499263055623,0.0119474311941303,0,0.0287713846191764,0,0.0051629557274282,0,0,0,0.0139449537964538,0,0.000823723210487515,0.000653594790492207,0,0.00109890114981681,0.000832292949780822,0.0156385756563395,0.00611280929297209,0.0190127976238728,0.0131291029974818,0,0,0,0.00169611303135753,0,0.00149031297769397,0.000305064051644877,0,0,0,0,0,0,0,0,0.00136752135585994,0.0139143168926239,0.018528611282818,0.00174367916770279,0.00242522230837494,0.00164744647918269,0.00377893238328397,0,0,0,0,0,0,0,0.00142450141720474,0,0.00395413197111338,0.000638773548416793,0.0195275593432598,0,0.000781860842835158,0.000855432008393109,0.00735594617435709,0.000719683361239731,0.000686813204083592,0,0,0,0,0.000701016455423087,0,0,0.00246002455241978,0.0114332383964211,0.000626370194368064,0.00159489631187171,0.000777907436713576,0.00798548071179539,0,0,0,0,0,0,0,0,0,0.000828843738418072,0,0,0,0,0,0,0,0,0,0,0,0,0,0,0,0,0,0,0,0,0,0,0,0,0,0,0,0,0,0,0,0,0,0,0,0,0,0,0,0,0,0,0,0,0,0,0,0,0,0,0,0,0,0,0,0,0,0,0,0,0.000921658996958286,0,0,0,0,0,0.00173010386060923,0.00342348503181711,0.00213675212580711,0.000647249165922403,0.000284292822470888,0,0.00038925651460886,0.0019665683794301,0.000457875459687784,0.000550055003259331,0,0.00639795267488807,0,0.000674308859743178,0.00179613835643977,0.000650829810183495,0.000570287986192852,0,0.00263765244744718,0.00661157025024295,0,0,0,0.0021949881920591,0.00337186903925613,0.000890868599526584,0.000792707083746791,0,0,0,0,0,0,0.00974313530605286,0.00837170344311744,0,0,0,0,0,0.00149086839519441,0,0,0,0,0,0,0,0,0,0.00107267359271646,0,0,0,8.18230182630941e-05,0.00686826294986531,0.00584909328608774,0.00996729452162981,0,0.00888736936030909,0.0040462426841259,0,0.00816070317523554,0,0.00146397578646429,0.000368324137525633,0.000280347623629496,0,0.0088481594575569,0,0,0.000911577022634447,0.000348918343661353
0,0,0.298461538739502,0,0.00048721072380431,0.00129449833184481,0,0,0,0,0,0,0.0861618812195957,0.00138312589842826,0.0404395612422377,0,0.133233537897468,0,0.545871536247432,0,0,0.00194741971790791,0,0,0,0,0,0,0.00323362974449992,0.00120048015378416,0.0160091479774565,0,0,0,0,0,0,0,0,0,0,0,0,0,0,0.00151975685730577,0,0,0,0.0156006240285933,0,0,0,0,0,0,0,0,0,0,0,0,0,0,0,0,0.000666444539092481,0,0,0,0,0,0.000704970036167651,0,0,0,0,0,0,0,0,0,0,0,0,0,0,0,0,0,0,0,0,0,0,0,0,0,0,0,0,0,0,0,0,0,0,0,0,0,0,0,0,0,0,0,0,0,0,0,0.00900900922715664,0,0,0,0,0,0,0,0,0.00232153222896159,0,0.000658978591673076,0.00266595568973571,0.000619003432802856,0,0.00328587088733912,0,0,0.00160901050549001,0,0,0.183941598515958,0.0599078348022886,0,0,0.232220608741045,0,0,0,0,0,0.235294109210372,0,0,0.00255102035589516,0,0,0.0270485279615968,0.00682593835517764,0,0,0,0,0,0,0,0,0,0,0,0,0,0,0,0,0.00573065923526883,0.000863185152411461,0,0,0,0,0,0,0,0,0,0,0,0,0,0,0,0,0,0,0,0.00176211458165199,0,0,0,0,0,0,0,0,0,0,0,0,0,0,0,0,0,0,0,0,0,0,0,0,0,0,0,0,0,0,0,0,0,0,0,0,0,0,0,0,0,0,0,0,0,0,0,0,0,0,0,0,0,0,0,0,0,0,0,0,0,0,0,0,0,0,0,0,0,0,0,0,0,0,0,0,0,0,0,0,0,0,0,0,0,0,0,0,0,0,0,0,0,0,0,0,0,0,0,0,0,0,0,0,0,0,0,0,0,0,0,0,0,0,0,0,0,0,0,0,0,0,0,0,0,0,0,0,0,0,0,0,0,0,0,0,0,0,0,0,0,0,0,0,0,0,0,0,0,0,0,0,0,0,0,0,0,0,0,0,0,0,0,0,0,0.00105540896765888,0.00118063751142472,0,0.000886524794623256,0,0,0.000397377298213542,0,0,0,0.000345125095918775,0,0,0,0,0,0
