0,0,0.0394637759891339,2.59329439014255,0.779419260652503,0.128571426408598,0.00147210361319594,0,0,0,0,0,0.0972299162240233,0.0435729831224307,0,0.000307408539811149,0.000296208541840315,0.000742482341593131,0.00123380625154823,0.00825183410779573,0.0160241876728833,0.000281017273664474,0.00121212122030556,0,0,0,0,0,0.000297397782560438,0,0.0398764411220327,0,0,0,0,0,0,0,0,0,0,0,0.000260688218986616,0,0,0,0,0,0,0,0,0,0,0,0,0,0,0,0,0,0,0,0,0,0,0,0,0,0,0,0,0,0.000248601601924747,0,0,0,0,0,0,0,0,0,0,0,0,0,0,0,0,0,0,0,0,0,0,0,0,0,0,0,0,0,0.0003100294561591,0.000604503555223346,0,0.000547045958228409,0.000293169170618057,0.000279563886579126,0,0.00178598013008013,0,0.00289687130134553,0,0,0,0,0,0,0.000589535746257752,0,0.340777010424063,0,0.00215953565202653,0,0,0.00372973748017102,0,0.000540979148354381,0.000828729243949056,0.00393184818676673,0.000166085374075919,0.000677353818900883,0.000969932079897262,0.00871898062177934,0,0.00207738252356648,0.000226937481784262,0.000731439708033577,0,0,0.000302114814985543,0.0268256341223605,0.00109334429726005,0,0.000519548018928617,0.00207869333098643,0,0,0,0,0.000446578109404072,0.000925783038837835,0.149342012300622,0.000305110588669777,0.00279720270191319,0.00336597312707454,0.000863309309352189,0.00152045002323575,0.00415553560014814,0.0169235423672944,0,0,0.00079968009958975,0,0,0,0.00116669095586985,0,0,0,0,0,0,0,0,0.0237062731175683,0.00679793703602627,0.000610500632319599,0,0,0.0049955684953602,0,0.000898876431165263,0.00112739574979059,0.00288987503154203,0.000909711176063865,0.000291078438749537,0,0,0,0,0,0.000813118298538029,0.000554631173145026,0.00301493759616278,0.000306560395983979,0.000298953673336655,0,0.000311235606204718,0,0,0,0,0,0,0,0,0,0,0.000861079199239612,0.00670391041785479,0,0,0,0,0,0,0,0,0,0,0,0,0,0,0,0,0,0,0.000298018188914284,0,0,0,0,0,0,0,0,0,0,0,0,0,0,0,0,0,0,0,0,0,0,0,0,0,0,0,0,0,0,0,0,0,0,0,0,0,0,0,0,0,0,0,0,0,0,0,0,0,0,0,0,0,0,0,0,0,0,0,0,0,0,0,0,0,0,0,0,0,0,0.00525015452876687,0,0,0,0,0,0.000300571089610457,0.000534188060555607,0.00108283699955791,0,0,0,0.000416493130614981,0.000225250594667159,0,0.0010548522695899,0,0,0.000242013556999154,0,0,0.000895522360224277,0,0,0,0,0,0,0,0,0,0,0,0.000292997370706871,0.00121525139547884,0,0,0,0,0,0,0,0,0,0,0,0.000292740034637973,0,0,0,0,0,0,0,0,0.0011170064099133,0,0,0,0,9.63406564551406e-05,0.00268437400518451,0.000419507065089419,0.00579201422806364,0.000248972995905206,0.0348173519305419,0.00445843188208528,0,0.0134367903228849,0,0.00029502875986509,0,0.000682302750647068,0,0.00281584383628797,0,0,0.001495047705248,0.00109493052150356
0,0,0.00203873589634895,0.000391466048313305,0.00144334853393957,0.00485773751279339,0.00704845832660794,0,0,0.00170068023726344,0,0,0.00512163899838924,0,0,0,0,0,0.00484261522069573,0.0135440183803439,0.00626959232613444,0.00274160387925804,0.815286666154861,0,0,0,0,0,0,0,0,0,0,0,0,0,0,0,0,0,0,0,0,0,0,0,0,0,0,0.00154320988804102,0,0.00179856119211763,0,0,0,0,0,0,0,0,0,0,0,0,0,0,0,0,0,0,0,0,0,0,0,0,0,0,0,0,0,0.00112296466249973,0,0,0,0,0,0,0,0,0,0,0,0,0,0,0,0,0,0,0,0,0,0.00208550575189292,0,0,0,0.00133689842186868,0,0.00188501412048936,0,0,0,0,0,0,0,0,0,0,0.00227272720076144,0,0,0,0,0,0,0,0.00126422254834324,0.0010141987586394,0,0,0.000429922627517954,0.00304136250633746,0,0,0.0012678288621828,0.00785854645073414,0.00119545729830861,0.153175586485304,0.170478171668947,0.00190114066936076,0.036166365025565,0,0,0,0,0,0,0.0245979186147451,0.00606244313530624,0,0,0,0.00257400260306895,0.00683371326886117,1.02167179808021,0,0.0944444427732378,0.00208333344198763,0,0,0.00433604326099157,0,0,0,0,0,0,0,0,0,0,0,0,0.0126984128728509,0.0055671539157629,0,0,0,0,0,0,0,0,0,0,0,0,0,0,0,0,0,0,0,0,0,0,0,0,0,0,0,0,0,0,0,0,0,0,0,0,0,0.00260756188072264,0,0,0,0,0,0,0,0,0,0,0,0,0,0,0,0,0,0,0,0,0,0,0,0,0,0,0,0,0,0,0,0,0,0,0,0,0,0,0,0,0,0,0,0,0,0,0,0,0,0,0,0,0,0,0,0,0,0,0,0,0,0,0,0,0,0,0,0,0,0,0,0,0,0,0,0,0,0,0,0,0,0,0,0,0,0,0,0,0,0,0,0,0,0,0,0,0,0,0,0,0,0,0,0,0,0,0,0,0,0,0,0,0,0,0,0,0,0,0,0,0,0,0,0,0,0,0,0,0,0,0,0,0,0,0,0,0,0,0,0,0,0,0,0,0,0,0,0,0.000348614266840741,0,0.00206015654839575,0.00101626012474298,0,0.00162932788953185,0,0,0,0,0,0,0,0,0,0
0.0394637759891339,0.00203873589634895,0,0.0483746116515249,0.0815939272288233,0.00884053041227162,0.0217755441553891,0,0,0,0,0,0.492288694367744,0.0637636091560125,0.0393063575029373,0.0727673673536628,0.0104076324496418,0.000805801770184189,0.0723163858056068,0.00634920643642545,0.00590551178902388,0,0.00399600388482213,0,0,0,0,0,0,0.00270453002303839,0.0945502314716578,0,0,0,0,0,0,0,0,0,0,0,0,0,0,0.00183823530096561,0,0,0.00246913591399789,0.00738007365725935,0,0,0,0,0,0,0,0,0,0,0,0,0,0,0,0,0,0,0,0,0,0,0,0.00124999997206032,0,0,0,0.00115141051355749,0,0,0,0,0,0,0,0,0,0,0.00134680129121989,0,0,0,0,0,0,0,0,0,0,0,0,0,0.00234741787426174,0,0.00179533218033612,0,0,0,0,0,0,0,0,0,0,0,0,0,0,0,0.253461124375463,0,0,0,0,0,0,0,0.00487507600337267,0.00295420980546623,0.000310414412524551,0.000613685173448175,0,0.00298775034025311,0,0.00475511187687516,0,0.00384024577215314,0,0,0.00391772761940956,0.446444655768573,0.00814901059493423,0,0.000952380942180753,0.0616197171621025,0,0.000642260769382119,0.000746826000977308,0,0,0.0680272118188441,0,0,0.0023923444095999,0.00853788666427135,0.00296076969243586,0.0286298561841249,0.00526777887716889,0,0,0,0.00420168088749051,0,0,0,0,0,0,0.00109229923691601,0,0,0,0,0,0.0075815012678504,0.00136379129253328,0,0,0,0.000293599528959021,0,0,0,0,0,0,0,0,0,0,0,0,0,0,0,0,0,0,0,0,0,0,0,0,0,0,0,0,0,0.00256246002390981,0,0,0,0,0,0.00127632415387779,0,0,0.00127795524895191,0,0,0,0,0,0.00249065994285047,0,0,0,0.00179856119211763,0,0,0,0,0,0,0,0,0,0,0,0,0,0,0,0,0,0,0,0,0,0,0,0,0,0,0,0,0,0,0,0,0,0,0,0,0,0,0,0,0,0,0,0,0,0,0,0,0,0,0,0,0,0,0,0,0,0,0,0,0,0,0,0,0,0,0,0,0,0,0,0,0,0,0,0,0,0.00105876126326621,0.0044717718847096,0,0,0,0,0.000609756098128855,0,0.00100755668245256,0,0,0,0,0,0.00181653047911823,0,0,0,0,0,0,0,0,0.000834376318380237,0,0,0,0.00203252024948597,0,0,0,0,0,0.00453514745458961,0,0,0,0,0,0.00324411992914975,0,0,0,0,0,0,0,0,0,0,0,0,0,0,0.000701180339092389,0.000508130062371492,0.00207039329688996,0,0.00284958275733516,0,0,0.00402495468733832,0,0,0,0.00065295462263748,0,0.000395647861296311,0,0,0.000391926325391978,0.000366972468327731
2.59329439014255,0.000391466048313305,0.0483746116515249,0,1.23777566367062,0.114301876630634,0.00826756883179769,0,0,0,0,0,0.163854580954649,0.0217953446262982,0,0.000397219468140975,0,0.000302571861539036,0.00598444050410762,0.00591366057051346,0.0120528773404658,0.00106269924435765,0.00116981865721755,0,0,0,0,0,0.0015226494288072,0,0.0222969387250487,0,0,0,0,0,0,0,0,0,0,0,0,0,0,0,0,0,0,0.0007295276154764,0,0,0,0,0,0,0,0,0,0,0,0,0,0,0,0.000397298368625343,0,0,0,0,0,0,0,0,0,0,0.000597371545154601,0,0,0,0,0,0,0.000290739932097495,0,0,0,0,0,0,0,0,0,0,0,0,0,0,0,0,0,0,0,0.000777302775532007,0,0.000684814236592501,0.000373761926312,0,0,0.000381097546778619,0,0,0,0.000406669365474954,0,0,0,0,0.0056454649893567,0.00128534703981131,0.162226164888125,0,0.00202088244259357,0,0,0.189454540668521,0,0,0.00138672208413482,0.00227309638285078,0.000189196856808849,0.000541491783224046,0,0.00321070232894272,0,0.000320975756039843,0,0.00267379672732204,0,0,0.00077684986172244,0.0301584267581347,0,0,0,0.00113981764297932,0,0,0,0,0,0.00039920158451423,0.145124718546867,0,0.00282030619564466,0.00276406720513478,0.00146012043114752,0.00744222506182268,0.00493639637716115,0.0384690104692709,0,0,0.000994694943074137,0,0,0,0.00185666547622532,0,0,0,0,0,0,0,0,0.0168900313437916,0.00226596789434552,0,0,0,0.00347349187359214,0,0,0.00588684162357822,0.00243368209339678,0.000273112120339647,0,0,0,0,0,0,0.000677048054058105,0.000348371366271749,0.00137315480969846,0,0,0.000294031167868525,0,0,0,0,0,0,0,0,0.00037537538446486,0,0,0.000363834813470021,0.00421866774559021,0,0,0,0.000403714162530378,0,0,0,0,0,0,0,0,0,0,0,0,0,0,0,0,0,0,0,0,0,0,0,0,0,0,0,0,0,0,0,0,0,0,0,0,0,0,0,0,0,0,0,0,0,0,0,0,0,0,0,0,0,0,0,0,0,0,0,0,0,0,0,0,0,0,0,0,0,0,0,0,0,0,0,0,0,0,0,0,0,0,0,0,0,0.00159840157721192,0,0,0,0,0,0,0,0,0,0,0,0,0.000269978394499049,0,0,0,0,0,0,0,0.00191241153515875,0,0,0,0,0,0,0,0.000253453297773376,0,0,0,0,0.000391236302675679,0,0,0,0,0,0,0,0,0,0,0,0,0,0,0,0,0,0,0,0,0,0,0,0,0,6.57808195683174e-05,0.00346866383915767,0,0.00221684806456324,0,0.028094236535253,0.00162469543283805,0,0.0107727819413412,0,0,0,0,0,0.0015245561953634,0,0,0.0010833062697202,0.00053995678172214
0.779419260652503,0.00144334853393957,0.0815939272288233,1.23777566367062,0,1.29050192364957,0.00686498868162744,0,0,0.000453411921625957,0,0,0.389410045288969,0.0197220975533128,0.000407664076192304,0,0,0.00141392718069255,0.00984979094937444,0.0310604218393564,0.0925572522100993,0.000426075828727335,0.00909743848023936,0,0,0,0,0,0,0,0.00978931700228713,0,0.000474383297841996,0,0,0,0,0,0,0,0,0,0,0,0,0,0.000398803589632735,0,0,0.000882807304151356,0,0,0,0,0,0,0,0,0,0,0,0,0,0,0,0,0,0,0,0,0,0,0,0,0,0,0,0,0,0,0,0,0,0,0,0,0,0,0,0,0,0,0,0,0,0,0,0,0,0,0,0,0.000993048655800521,0.000476871733553708,0.000466200464870781,0.00040908160735853,0,0,0,0.00232774676987901,0,0.00178531580604613,0,0,0,0,0,0,0.000917010533157736,0,0.12976913471357,0,0.00120336940744892,0,0,0.000439753726823255,0.000434027781011537,0.000402333535021171,0.00207598088309169,0.00576147489482537,0.00103960912383627,0.00155400150106288,0.000507163698785007,0.0104246515547857,0.00032663726597093,0.000757719273678958,0,0.00207612459780648,0.000814995903056115,0,0.0014295926084742,0.0177280153147876,0.00122599102905951,0,0.00037907506339252,0.00417439706507139,0,0,0.00023441162193194,0.000312207295792177,0,0.000985707272775471,0.135483872552868,0,0.00498504494316876,0.0058351568877697,0.00353434938006103,0.0178141549986321,0.0152954810473602,0.170202625275124,0,0,0.00118110235780478,0,0,0,0.00135317994863726,0,0,0,0,0,0,0,0,0.0387096762133297,0.00556555888033472,0.000484378775581717,0,0,0.000400480581447482,0,0,0.000973117654211819,0.000550509197637439,0.000627844943664968,0.000449640298029408,0,0,0,0,0,0,0.000417623727116734,0.00164136232342571,0,0,0,0,0,0,0,0,0,0,0,0,0,0,0,0.00464428978739306,0,0.000484496122226119,0,0.000499750138260424,0,0,0,0,0,0,0,0,0,0,0.000502638868056238,0,0,0,0,0,0,0,0,0,0,0,0,0.000469593796879053,0,0,0,0,0,0,0,0,0,0,0,0,0,0,0,0,0,0,0,0,0,0,0,0,0,0,0,0,0,0,0,0,0,0,0,0,0,0,0,0,0,0,0,0,0,0,0,0,0,0,0,0,0,0,0,0,0,0,0,0,0,0.00148038484621793,0,0,0,0,0,0,0,0.000402819743612781,0.000370576250134036,0,0,0.00027851274353452,0.000309789349557832,0,0.00155008723959327,0,0.000368731562048197,0,0,0,0.000467617501271889,0,0,0,0,0,0,0,0,0,0.00048285853699781,0,0,0,0,0,0,0,0,0,0,0,0,0,0,0.000907235196791589,0,0,0,0,0,0,0,0,0.000422029959736392,0,0,0,0,3.34135256707668e-05,0.00289780960883945,0.000843644578708336,0.00780205089540686,0,0.0442576337663922,0.00345954252406955,0,0.00933087815064937,3.27809721056838e-05,0.000179613824002445,0,0.000215007530641742,0,0.00121491917525418,0,0,0.000483150128275156,0.000480461254483089
0.128571426408598,0.00485773751279339,0.00884053041227162,0.114301876630634,1.29050192364957,0,0.328917623090092,0,0.000443557335529476,0,0,0,0.217490056413226,0.0207091309712268,0.00220324983820319,0.00142450141720474,0,0.01095140282996,0.107681262306869,0.347153897280805,0.517655145376921,0.298332857200876,0.037904892815277,0,0,0,0,0,0.00132144032977521,0,0.00759345770347863,0,0,0,0.000669568136800081,0,0,0,0,0,0,0,0,0.000539083557669073,0,0,0,0,0,0.00184275180799887,0,0,0,0,0,0,0,0,0,0,0,0,0,0,0,0,0,0,0,0,0.000476417335448787,0,0,0.00057126535102725,0,0.000516662374138832,0,0,0,0,0,0.000534616410732269,0,0,0,0,0,0,0,0,0,0,0,0,0,0,0,0,0,0,0,0,0,0.00137033232022077,0,0.00498063111444935,0,0,0,0.0026481298264116,0,0.00436681212158874,0,0.00148643623106182,0,0,0,0,0,0,0.146478868089616,0,0.00377256789943203,0,0,0,0,0,0.00338791636750102,0.00966429308755323,0.00167785237135831,0.00465116277337074,0.0030248032999225,0.0228658528067172,0,0.0424575412762351,0,0.0128745838883333,0.000550509197637439,0,0.0116358662489802,0.00863213837146759,0.00110527768265456,0,0.000999750103801489,0.00526835676282644,0,0,0.000275595986749977,0,0.000760600902140141,0.00503054267028347,0.0880913532455452,0.00420021009631455,0.0577274409588426,0.0902043655514717,0.0332103314576671,0.227856901008636,0.100657899049111,0.206849320558831,0.000639590667560697,0,0.0231274648103863,0,0,0,0.00823045271681622,0,0,0,0,0,0,0,0,0.0956521721091121,0.00951592886121944,0.00140154163818806,0,0,0.000688626168994233,0,0,0.000287935516098514,0.000667668180540204,0.000392464688047767,0,0,0,0,0,0,0,0.00113830389454961,0.00166712980717421,0,0,0,0,0,0,0,0,0,0,0,0.000644953222945333,0,0,0,0.00577700731810182,0,0,0,0.000733406690414995,0,0,0,0,0,0,0,0,0,0,0,0,0,0,0.000663790269754827,0,0,0,0,0,0,0,0,0,0,0,0,0,0,0,0,0,0,0,0,0,0,0,0,0,0,0,0,0,0,0,0,0,0,0,0,0,0,0,0,0,0,0,0,0,0,0,0,0,0,0,0,0,0,0,0,0,0,0,0,0,0,0,0,0,0,0,0,0,0,0.00287976954132318,0,0,0,0,0.00060186575865373,0,0.000527704483829439,0.00162601622287184,0,0,0,0,0,0,0,0,0,0,0,0,0,0,0,0,0,0,0,0,0,0,0,0.000618429214227945,0,0.00138648180291057,0,0,0,0,0.000707463768776506,0,0,0,0,0,0,0.00319081038469449,0,0,0,0,0,0,0,0,0,0,0,0,0,3.41407612722833e-05,0.00305985845625401,0.000342641782481223,0.0116928675561212,0,0.124156148114707,0.00916496990248561,0,0.011935953370994,0,0.000202839757548645,0,0.000249159085797146,0,0.00115008628927171,0,0,0.000285551126580685,0
0.00147210361319594,0.00704845832660794,0.0217755441553891,0.00826756883179769,0.00686498868162744,0.328917623090092,0,0,0,0,0,0,0.0980281736701727,0.00694444461259991,0.0116772829787806,0.00188501412048936,0,0.158573594992049,0.0442733396776021,0.0072793448343873,0.452991456841119,0.438995199161582,0.0554112568497658,0,0.00215401174500585,0,0,0,0.00312500004656613,0,0.00357781746424735,0,0,0,0,0,0,0,0,0,0,0,0,0,0,0.00322061195038259,0,0.00140845065470785,0.0011273956624791,0.0145791921531782,0.000536049308720976,0.00112707808148116,0,0,0,0,0,0,0,0,0,0,0,0,0,0,0.000748503021895885,0.00283152423799038,0,0,0,0,0.000769230769947171,0.00114025082439184,0,0,0.00146950769703835,0,0,0,0,0,0.000935891410335898,0.00137693632859737,0,0.0011621150188148,0,0,0,0,0,0,0,0,0,0,0,0,0.00145878922194242,0,0,0,0.00198807148262858,0.00341296917758882,0.00157728709746152,0.00214247452095151,0,0.00117027503438294,0,0.00627943500876427,0,0.00411240581888705,0,0.00423728814348578,0,0,0.0022075055167079,0,0,0,0.0146386092528701,0,0.0030549899674952,0,0.000969932123553008,0,0.00252206809818745,0,0.00445682462304831,0.0109839818906039,0.000606336223427206,0.00117198948282748,0.00205549848033115,0.0148528991267085,0.000644953222945333,0.0416482044383883,0,0.0783176198601723,0,0,0.00851063814479858,0.0252964422106743,0.0138888895744458,0,0,0.0139534883201122,0,0,0.0003629763959907,0.00236406619660556,0.000569476105738431,0.00965250947047025,0,0.686486503109336,0.00404040422290564,0.313473873655312,0.454485031077638,0.028268551453948,0.0417633396573365,0.00341005972586572,0,0,0.225461612455547,0,0,0,0.00566572230309248,0,0,0.00100755668245256,0,0,0,0,0,0.0814663921482861,0.00712666037725285,0.00180668476969004,0,0,0.000287108821794391,0,0,0,0.00047125353012234,0,0,0,0,0,0,0,0,0,0,0,0,0,0,0,0,0,0,0,0,0,0.00147710484452546,0,0,0,0,0,0,0,0.00204081623815,0,0,0,0,0,0,0,0,0,0,0,0,0,0,0,0,0,0,0,0,0,0,0,0,0,0,0,0,0,0,0,0,0,0,0,0,0,0,0,0,0,0,0,0,0,0,0,0,0,0,0,0,0,0,0,0,0,0,0,0,0,0,0,0,0,0,0,0,0,0,0,0,0,0,0,0,0,0,0,0,0,0,0,0,0,0,0,0,0,0,0,0,0,0.00102933612652123,0,0,0,0,0,0,0,0,0,0,0,0,0,0,0,0,0,0,0,0,0,0,0,0,0,0,0,0,0,0,0,0.00193050189409405,0,0,0,0,0,0.00144196103792638,0,0,0,0,0,0,0,0,0,0,0,0,0,0,0.00321432668715715,0.000977995106950402,0.00672268914058805,0,0.0248667843989097,0.00550206319894642,0,0.0097599062428344,0,0,0,0.000318471342325211,0,0.000383950857212767,0,0,0,0.000364398292731494
0,0,0,0,0,0,0,0,0.292894526734017,0.0948795145377517,0.0267453299602494,0.0778642963268794,0,0,0,0,0,0.000304924527881667,0,0,0,0,0,0,0,0.000629524700343609,0.000359001976903528,0,0.000384393613785505,0,0,0,0,0,0,0.257509162620408,0.0589457752648741,0.00291438982822001,0.007608695916133,0.22272332321154,0.00459594035055488,0.0071199715603143,0.0198373989842366,0.00475705083226785,0.00739620084641501,0,0.000676132505759597,0.00262025074334815,0,0.000736377027351409,0.0256075265351683,0.0361349032027647,0.223622040211922,0.120725039188983,0.123532105208142,0.0897459678235464,0,0,0.000391849520383403,0,0,0.000331455084960908,0.00165645193192177,0,0,0.00200682319700718,0.0057619409635663,0.00165508114150725,0,0.00165343910339288,0.00125509884674102,0.000295246543828398,0.0392457470297813,0.00317068878212012,0.00157158574438654,0.000992227520328015,0.000601956329774112,0.0350877179880626,0.00774743384681642,0.0146788990823552,0.00218023255001754,0.00101402736618184,0.00462046219035983,0.00234329234808683,0.00154679044499062,0.00162932794773951,0.000293040298856795,0,0.00107874866807833,0,0,0,0,0.000355555559508502,0,0.0470057972706854,0.00207075057551265,0,0.0778239512583241,0.0569408262963407,0.00659042474580929,0.0612779660150409,0,0.00235525018069893,0.000770564423874021,0.000690846296492964,0,0.00781250023283064,0,0,0.0078462139936164,0.000371609057765454,0.00483481062110513,0.011506060953252,0.0177906496101059,0.00818942522164434,0.00871839583851397,0,0,0,0,0,0,0,0,0,0,0,0,0,0,0.000272628123639151,0.00182066450361162,0.000269396550720558,0.000284738052869216,0.000970873748883605,0.00301741869770922,0.00179613829823211,0,0,0,0,0,0.00291598332114518,0.000647563545498997,0.000383656239137053,0.00247656120336615,0.00222500343807042,0.0108131027809577,0.00273710145847872,0.000806993921287358,0,0,0,0,0,0,0.000395647861296311,0,0,0,0,0.000334392243530601,0,0,0,0.000374882860342041,0.0115606932668015,0.00356718187686056,0,0.00266800075769424,0,0,0,0,0,0.00028530671261251,0,0,0,0,0,0,0,0,0,0,0,0,0,0,0,0,0.000702987716067582,0,0,0,0,0,0,0,0,0,0,0,0.000355429190676659,0,0,0,0,0,0,0,0,0,0.000358551449608058,0,0.000349283975083381,0,0,0.0194029852282256,0,0.00374213309260085,0,0,0,0,0,0,0,0,0,0,0,0,0,0,0,0,0.00316567011759616,0,0,0,0.000347041466739029,0,0,0,0,0,0,0,0.000319488812237978,0.000290697673335671,0,0,0,0,0,0,0,0,0,0,0,0,0,0,0,0,0,0,0,0,0,0,0,0,0,0,0,0,0,0,0,0,0,0,0,0,0,0,0,0,0,0,0,0,0,0,0,0,0,0,0,0,0,0,0,0,0,0,0,0,0,0,0,0,0,0,0,0,0,0,0,0,0,0,0,0,0,0,0,0,0,0,0,0,0,0,0,0,0,0,0,0,0,0,0,0,0,0,0,0,0,0,0,0,0,0.000359712226781994,0,0.000427934239269234,0.0506569584831595,0.383626624912722,0.125595056451857,0.0786361545324326,0.0184649604925653,0.000655308016575873,0,0.0389122264459729,0.000129215666675009,0.000498504479764961,0,0.000196020773728378,0.000918695441214368,0,0,0,0.000217864930164069,0.0201723544159904
0,0,0,0,0,0.000443557335529476,0,0.292894526734017,0,0.0499464845051989,0.0108695654198527,0.0332755632698536,0,0,0,0,0,0,0,0,0,0,0,0,0,0.000520156056154519,0,0,0,0,0,0,0,0,0,0.134191799210384,0.0208333332557231,0,0.0378611746709794,0.00245700241066515,0,0.0205853972584009,0.00714089535176754,0.00533017481211573,0.00232558138668537,0.000753012020140886,0.00176108011510223,0.00141143263317645,0,0.00068422855110839,0.215354709362146,0.417489409679547,0.77043042430887,0.0604971561115235,0.0508893301011994,0.00970873818732798,0,0,0,0,0,0,0.0017006802954711,0,0,0,0.0141948113450781,0.00283045577816665,0.000411522632930428,0.00113026273902506,0.000517464417498559,0,0.0951669193455018,0.00441919191507623,0.00155682413605973,0.00113058229908347,0.000967118015978485,0.00907715584617108,0.0467219281708822,0.0250417354982346,0.00267111859284341,0.0017605634056963,0.0061954379780218,0.00370456115342677,0.00151668355101719,0.00247116963146254,0,0,0.0026203733868897,0,0.00060459494125098,0,0,0.00064184854272753,0.00145772600080818,0.129624623805285,0.00791235512588173,0.00208261027000844,0.0373429069295526,0.139616057276726,0.0166037735762075,0.0807504085823894,0,0.047950501088053,0.0126771063660271,0.00182871072320268,0,0.014729427290149,0.000664231134578586,0,0.00617999210953712,0,0,0.0152671756222844,0.0163440859178081,0.0347490351414308,0.00743955373764038,0,0,0,0,0,0,0,0,0,0,0,0,0,0,0,0.000318522070301697,0,0,0,0.000836470106150955,0.00191754556726664,0,0,0,0,0.000608642701990902,0.00604432501131669,0.000545256247278303,0.000739644980058074,0.00699745549354702,0.00256300717592239,0.00606585768400691,0.00083368067862466,0.00121802682406269,0,0,0,0,0,0.000685166160110384,0,0,0,0,0,0.000576036865822971,0,0,0,0.0106157109257765,0.0311004780814983,0.0102483246009797,0.00117681676056236,0.00344036682508886,0,0,0,0.000541125540621579,0,0,0,0.00223048328189179,0,0,0,0,0,0,0,0,0,0,0,0,0,0,0,0,0,0,0,0,0,0,0,0,0,0,0,0,0,0,0,0,0,0,0,0.000835421902593225,0.000651678070425987,0.000637958524748683,0,0,0,0.000701508251950145,0,0,0,0,0,0,0,0,0,0,0,0,0,0,0,0,0,0,0,0,0,0,0,0,0,0,0,0,0,0,0,0,0,0,0,0,0,0,0,0,0,0,0,0,0,0,0,0,0,0,0,0,0,0,0,0,0,0,0,0,0,0,0,0,0,0,0,0,0,0,0,0,0,0,0,0,0,0,0,0,0,0,0,0,0,0,0,0,0,0,0,0,0,0,0,0,0,0,0,0,0,0,0,0,0,0,0,0,0,0,0,0,0,0,0,0,0,0,0,0,0.000789577548857778,0,0,0,0,0,0,0,0,0,0,0,0,0,0,0,0,0,0,0.000309023482259363,0.0181728400057182,0.0726744183339179,0.112710485991556,0.0304847584338859,0.00925783038837835,0.000556328217498958,0,0.0180510930076707,6.73366666887887e-05,0,0,0,0,0,0,0,0,0.00684697006363422
0,0.00170068023726344,0,0,0.000453411921625957,0,0,0.0948795145377517,0.0499464845051989,0,0.16957606561482,0.898148120963015,0,0,0,0,0,0.00149420998059213,0.00185185181908309,0,0,0,0,0,0,0.00323624606244266,0.00118413264863193,0,0,0,0,0,0,0,0,0,0,0.00248756213113666,0,0.007434944040142,0.00746268662624061,0.0230414746329188,0.0141093470156193,0.000998003990389407,0.00193517177831382,0,0.0137659788597375,0.0219028070569038,0.0011019284138456,0.0154838715679944,0.00848356354981661,0.0306406692834571,0.0294599023181945,0.118006105069071,0.0119626168161631,0.00132362672593445,0,0,0,0.00232964474707842,0,0,0,0,0,0,0.0958348682615906,0,0,0,0,0,0.0795153330545872,0.00222841231152415,0.00161225313786417,0,0,0.00103519670665264,0.0124902417883277,0.00782013684511185,0,0.000982800964266062,0.00275482091819867,0.000678886601235718,0.000774293439462781,0.000574217643588781,0,0,0,0,0,0,0,0,0.0175054706633091,0.475536486250348,0.0616832182276994,0.00132625992409885,0.00141643057577312,0,0.00156617071479559,0.00185356813017279,0,0.00989282783120871,0.00458365178201348,0,0,0,0,0,0,0.00133333331905305,0,0.00609137071296573,0.00210084044374526,0,0.0183486236492172,0,0,0,0,0,0,0,0,0,0,0.00100502511486411,0.00217864918522537,0.000898472615517676,0,0,0,0.000564652727916837,0,0.000870321993716061,0,0.00285816355608404,0,0,0,0,0.00418191310018301,0.00373831763863564,0.0209150332957506,0,0,0.000604412227403373,0.00612502245348878,0.00992700690403581,0.00788066408131272,0,0,0,0,0,0.00517464429140091,0.00170502986293286,0.00149925041478127,0,0,0,0.00381133868359029,0,0,0,0.00550585007295012,0.00176211458165199,0.00343642616644502,0.000987166888080537,0.000945626467000693,0,0.00313479616306722,0,0.00172191136516631,0.00132100400514901,0,0,0.00151860283222049,0,0,0,0,0,0,0,0,0,0,0,0,0,0,0,0.00105652399361134,0,0,0,0,0,0,0,0,0,0.00109709275420755,0.00114613177720457,0,0,0,0,0,0,0,0,0,0,0,0,0,0,0,0,0,0,0,0,0,0,0,0,0,0,0,0,0,0,0,0,0.00312989042140543,0,0,0.000978473573923111,0,0,0,0,0,0,0,0,0,0,0,0,0,0,0,0,0,0,0,0,0,0,0,0,0,0,0,0,0,0,0,0,0,0,0,0,0,0,0,0,0,0,0,0,0,0,0,0,0,0,0,0,0,0,0,0,0,0,0,0,0,0,0,0,0,0.000959692872129381,0,0,0,0,0,0,0,0,0,0,0,0,0,0,0,0,0,0,0,0,0,0,0,0,0,0,0,0,0,0,0,0,0.00185701018199325,0,0,0,0,0,0,0,0,0,0,0,0,0,0,0,0,0,0,0,0,0.00159963441547006,0.214475918706739,0.00834585225675255,0.00456447328906506,0,0,0,0.00116188998799771,0,0,0,0.000316405639750883,0,0,0,0,0,0.000363719038432464
0,0,0,0,0,0,0,0.0267453299602494,0.0108695654198527,0.16957606561482,0,0.0653696497902274,0,0,0,0,0,0,0,0,0,0,0,0,0,0.000890868599526584,0,0,0,0,0,0,0,0,0,0.00296076969243586,0.00675675692036748,0,0.00141743442509323,0.00362318835686892,0.0179694523103535,0.00265076220966876,0.0274375295266509,0.00112549238838255,0,0,0,0.00162074551917613,0,0.00151171581819654,0.000564174901228398,0.0047576567158103,0.00622664985712618,0.0092006903141737,0.000816993473563343,0.0280373822897673,0,0,0,0,0,0,0,0,0,0,0,0,0,0,0,0,0.150787078193389,0.00127551017794758,0,0,0,0.00938416458666325,0.00189753319136798,0.0753768836148083,0,0,0,0,0,0,0,0,0,0,0,0,0,0,0,0.029481693636626,0.00118623964954168,0,0.0033755274489522,0,0,0,0,0,0,0,0,0,0,0,0,0,0.00233918125741184,0,0.0110344830900431,0,0.00369003682862967,0,0,0,0,0,0,0,0,0,0,0,0.0012430080678314,0,0,0,0.000427441758802161,0,0,0,0,0,0,0,0,0,0,0.00290275760926306,0,0,0,0,0.000751314801163971,0.000625390850473195,0,0,0,0,0,0,0,0,0,0,0,0,0,0,0,0,0,0,0,0,0,0,0,0,0,0,0,0,0,0,0,0,0,0,0,0,0,0,0,0,0,0,0,0,0,0,0,0,0,0,0,0,0,0,0,0,0,0,0,0,0,0,0,0,0,0,0,0,0,0,0,0,0,0,0,0,0,0,0,0,0,0,0,0,0,0,0,0,0.0019029495306313,0.00380469253286719,0,0,0,0,0,0,0,0,0,0,0,0,0,0,0,0,0,0,0,0,0,0,0,0,0,0,0,0,0,0,0,0,0,0,0,0,0,0,0,0,0,0,0,0,0,0,0,0,0,0,0,0,0,0,0,0,0,0,0,0,0,0,0,0,0,0,0,0,0,0,0,0,0,0,0,0,0,0,0,0,0,0,0,0,0,0,0,0,0,0,0,0,0,0,0,0,0,0,0,0,0,0,0,0,0,0,0,0,0,0,0,0,0,0,0,0,0,0,0.00275671947747469,0,0,0,0.131659828708507,0.0024288687563967,0.00249791837995872,0,0,0,0,0,0,0,0.000328191672451794,0,0,0,0,0,0
0,0,0,0,0,0,0,0.0778642963268794,0.0332755632698536,0.898148120963015,0.0653696497902274,0,0,0,0,0,0,0,0,0,0,0,0,0,0,0.000783085357397795,0,0,0,0,0,0,0,0,0,0,0.00133958470541984,0.00236686388961971,0,0.00407124683260918,0.0126582275843248,0.00440044002607465,0.0144680848461576,0.000958772783633322,0.000930665410123765,0,0.00567107764072716,0.00518470490351319,0,0.00367647071834654,0.00259470689343289,0.0168845311854966,0.0375979109667242,0.0263671875,0.00145085237454623,0.0163214063504711,0,0,0,0.00111172872129828,0,0,0,0,0,0,0.0915921255946159,0,0,0,0,0,0.0433345558703877,0.00106553011573851,0,0,0,0.000993048655800521,0.0058694058097899,0.00723981903865933,0.00117370893713087,0,0.00176991149783134,0.000660502002574503,0.000750469043850899,0,0,0,0,0,0,0,0,0,0.00412938755471259,0.0348258706508204,0.00902255612891167,0,0.00133868807461113,0,0.00147167034447193,0.00172265293076634,0.00177147914655507,0.00308880303055048,0,0,0,0.00109170307405293,0,0,0,0,0,0,0.00386847206391394,0.00110071548260748,0.013436691951938,0,0,0,0,0,0,0,0,0,0,0.000965250947047025,0.00208550575189292,0,0,0,0.000801924616098404,0,0,0.000840336142573506,0,0.00694203423336148,0,0,0.0015408321050927,0,0.00100250623654574,0.00237107300199568,0.00925536418799311,0,0,0.000589796516578645,0.00497070851270109,0.00741374382050708,0.00440165074542165,0,0,0,0,0,0.00245700241066515,0.00159362552221864,0,0,0,0,0.00183402106631547,0,0,0,0.00390879472251981,0.00328677077777684,0,0,0,0,0.00441826216410846,0,0,0,0.000623052939772606,0,0,0,0,0,0,0,0,0,0,0,0,0,0,0,0,0,0,0,0,0,0,0,0,0,0,0,0,0,0,0,0,0,0.00108813925180584,0,0,0,0,0,0,0,0,0,0,0,0,0,0,0,0,0,0,0,0,0,0,0,0,0,0,0,0,0.00318133633118123,0,0,0,0,0,0,0,0,0,0,0,0,0,0,0,0,0,0,0,0,0,0,0,0,0,0,0,0,0,0,0,0,0,0,0,0,0,0,0,0,0,0,0,0,0,0,0,0,0,0,0,0,0,0,0,0,0,0,0,0,0,0,0,0,0,0,0,0,0,0,0,0,0,0,0,0,0,0,0,0,0,0,0,0,0,0,0,0,0,0,0,0,0,0,0,0,0,0,0,0,0,0,0,0,0,0,0,0,0,0,0,0,0,0,0,0,0,0,0.00113636360038072,0,0,0.000905592052731663,0.180868741386803,0.00691585688036866,0.000737735128495842,0,0,0,0.00114372858661227,3.44162981491536e-05,0,0,0,0,0,0,0,0,0.00027177605079487
0.0972299162240233,0.00512163899838924,0.492288694367744,0.163854580954649,0.389410045288969,0.217490056413226,0.0980281736701727,0,0,0,0,0,0,0.0782003200147301,0.020770228933543,0.0833333332557231,0.0161476349458098,0.00522363698109984,0.574351981515065,0.125819139182568,0.0776455875020474,0.00952834670897573,0.0252844509668648,0,0,0,0,0,0.00117164617404342,0.000970873807091266,0.0598859310848638,0,0,0,0,0,0,0,0,0,0,0,0,0,0,0.00359496718738228,0,0,0,0.00826446246355772,0,0.000503018090967089,0,0,0,0,0,0,0,0,0,0,0,0,0,0,0.000645369465928525,0,0,0.000783699040766805,0,0,0,0.00275103159947321,0,0,0,0,0.00119976000860333,0,0,0,0,0.000600240076892078,0.000673627480864525,0.000516929430887103,0,0,0.000968054227996618,0,0,0,0,0,0,0,0,0,0,0,0,0,0,0,0,0.00174367916770279,0,0,0,0.00235155783593655,0,0,0,0.0058351568877697,0,0,0,0,0,0,0.134210532065481,0,0.00167294021230191,0,0,0,0,0.00168350164312869,0.00270027009537444,0.0191424202057533,0.000854214158607647,0.000520833360496908,0.00151171581819654,0.00916496990248561,0,0.00968703435501084,0,0.00627943489234895,0,0.00089047197252512,0.00998751539736986,0.113475177437067,0.0260983040789142,0,0.00149198062717915,0.0547466515563428,0,0,0.000336870463797823,0,0,0.183185229077935,0,0.00520494487136602,0,0.0368906459771097,0.0155279505997896,0.315586925251409,0.0732558136805892,0.00249999994412065,0,0,0.00804828945547342,0,0,0,0.00326264288742095,0,0,0,0,0,0,0,0,0.0705263125710189,0.00853727920912206,0.00260756188072264,0.00117439811583608,0,0.00054105237359181,0,0.00120700057595968,0,0.00128452150966041,0.000529661017935723,0,0,0,0,0,0,0.00338839483447373,0.00182315404526889,0.00614304508781061,0,0,0,0,0,0,0,0,0,0,0,0.00112296466249973,0,0.0036319614155218,0.00102564098779112,0.0084033613675274,0,0,0,0,0,0.00186219741590321,0,0,0,0,0,0,0,0.000937207136303186,0,0,0,0,0,0,0,0,0,0,0,0,0,0,0.000913241994567215,0,0,0,0,0,0,0,0,0,0,0,0,0,0,0,0,0,0,0,0,0,0,0,0,0,0,0,0,0,0,0,0,0,0,0,0,0,0,0,0,0,0,0,0,0,0,0,0,0,0,0,0,0,0,0,0,0,0,0,0,0.00823045265860856,0,0,0,0,0,0,0,0.00084388186223805,0,0,0,0,0,0,0,0,0,0.000616142933722585,0,0,0.00356718187686056,0,0,0,0,0,0,0,0,0,0,0,0,0,0,0,0,0,0,0.0041011618450284,0,0,0,0,0,0.00110253586899489,0,0,0,0,0,0,0,0,0,0,0,0,0,0,0.00393959297798574,0.000885543529875576,0.00752705032937229,0.00132669985760003,0.0192937757819891,0.00230061344336718,0,0.0172972977161407,0,0,0,0,0,0.00319375446997583,0.000686813204083592,0,0.000703729747328907,0.000536169085535221
0.0435729831224307,0,0.0637636091560125,0.0217953446262982,0.0197220975533128,0.0207091309712268,0.00694444461259991,0,0,0,0,0,0.0782003200147301,0,0.08906882815063,0.00520381622482091,0.0014295926084742,0.00439882697537541,0.0106100798584521,0.00839630549307913,0.0126782888546586,0.0011337868636474,0,0,0.0010261673014611,0,0.00229885056614876,0,0.0189504380105063,0.107826082035899,0.752967811189592,0.211988305673003,0.213063767179847,0.422997961286455,0.504504516720772,0.00122774706687778,0,0.021699819015339,0,0.00206825230270624,0.0172537746839225,0,0.000862440734636039,0,0.00283286115154624,0.0134932537330315,0,0.00132275128271431,0.00214362260885537,0.0112429736182094,0,0,0,0,0,0,0.0583333347458392,0.278131649130955,0.0989787922007963,0.00226244353689253,0.584893478779122,0.10712664865423,0.0181323662400246,0.146403558319435,0.161461407202296,0,0,0.000904568063560873,0.0265686840284616,0.000902119965758175,0.000786472694016993,0.0278627263032831,0,0,0,0,0.000710732070729136,0,0,0,0,0,0.000897263351362199,0,0.00227790424833074,0,0,0.00864440109580755,0.00231080292724073,0.00211640214547515,0.00201409868896008,0,0.0161764709046111,0,0,0,0,0,0,0,0,0,0.00364298722706735,0.00158227852080017,0.00147058826405555,0,0,0.0011104941368103,0,0,0.00157853192649782,0,0,0,0,0,0,0,0.418994401115924,0.0152671756222844,1.01603376213461,0,0,0,0,0,0,0.00293973530642688,0.0010598833905533,0.00175669742748141,0,0,0.00242081901524216,0,0,0.0229885062435642,0,0.00491228088503703,0,0,0.00157853192649782,0.131171706132591,0.00203665997833014,0,0.00085251493146643,0.0115774236619473,0,0,0.000357015349436551,0.00575373996980488,0.000554938975255936,0.0106382975354791,0.0184397157281637,0,0.00554528657812625,0.00169061706401408,0.00500939274206758,0.00490196084138006,0.00722021679393947,0.00158102763816714,0.183423916460015,0.0513141435803846,0.00558139546774328,0.0658008675090969,0.191829489078373,0,0.00531914876773953,0,0,0.0048146364861168,0,0,0,0,0,0.00638977624475956,0.00125825731083751,0,0.438596494495869,0.269043756183237,0.00368376306141727,0,0.00453857774846256,0.00113400112604722,0.00276752770878375,0.00116245273966342,0,0,0,0,0,0,0.00197433377616107,0.0892953168367967,0.0349794228095561,0.00170794187579304,0,0.000684931525029242,0.00186393293552101,0,0,0,0,0,0,0,0.00414937769528478,0,0.00607441132888198,0.0160990713629872,0.0531267318874598,0,0.00166944903321564,0.00194931775331497,0.0335820887703449,0.00114481966011226,0.00551571953110397,0.00316622690297663,0,0.00110436219256371,0.00130804441869259,0,0.0009765625,0,0.00333518616389483,0.00762631092220545,0,0,0,0.00441826216410846,0,0.00081967213191092,0,0,0,0,0,0.0133222313597798,0.00150489085353911,0.00431266846135259,0.00134770886506885,0.00763723161071539,0.000718907278496772,0.00207039341330528,0.00279134674929082,0,0,0,0.0026803663931787,0,0,0.00576368864858523,0,0,0,0,0,0,0,0,0,0,0,0,0,0.000452898559160531,0,0.000893255928531289,0.00232153222896159,0.00088534748647362,0,0,0,0,0,0,0,0,0,0,0,0,0,0,0,0,0.00115874852053821,0,0,0.00142653356306255,0,0.0024721878580749,0,0,0,0,0,0,0,0,0.0089047197252512,0,0,0,0,0,0,0.00468384067062289,0.0147420144639909,0,0,0,0.000470477534690872,0.00113442994188517,0,0,0,0,0.00206114735919982,0,0,0.00445434311404824,0.000767754332628101,0,0,0,0,0,0,0,0,0,0,0,0.00162601622287184,0,0,0,0,0,0.0106382975354791,0.00660611083731055,0,0.00174064398743212,0.00158856238704175,0,0.00811359006911516,0,0,0.00176133867353201,0,0,0,0,0,0.00552791578229517,0,0,0.00809716619551182,0.00439319061115384,0,0.0063614675309509,0.0181731230113655,0.00926845439244062,0.00149253732524812,0.00697809678968042,0.000879894418176264,0,0.0107382553396747,0,0.0017062766419258,0.0023046784917824,0.00816070317523554,0.00296296295709908,0.00716845874558203,0,0,0.00710413142223842,0.00108863285277039
0,0,0.0393063575029373,0,0.000407664076192304,0.00220324983820319,0.0116772829787806,0,0,0,0,0,0.020770228933543,0.08906882815063,0,0.0137758300406858,0.0520889852195978,0.0100882723927498,0.0393650777405128,0.00122324156109244,0,0,0.00236546411179006,0,0.00501462584361434,0.000674081558827311,0,0,0.134361227974296,0.462886124267243,0.337098950287327,0.00441501103341579,0.0127167627215385,0.015748031437397,0.0281531538348645,0,0.0020986357703805,0,0,0,0,0.00179291795939207,0,0,0.00780640111770481,0.157480321358889,0,0,0.00173160177655518,0.383374081924558,0,0.000489596102852374,0,0,0,0,0.00121654500253499,0.00288600288331509,0.00232964474707842,0.00180831830948591,0.00200702459551394,0.000755572342313826,0.00226415094221011,0.00198511173948646,0.000934142910409719,0,0,0,0,0,0,0,0,0,0,0,0,0,0,0,0,0,0,0,0,0.000502765236888081,0,0,0.000919540238101035,0,0,0,0,0,0,0,0.000830564764328301,0.000998502247966826,0,0,0,0,0.00259403372183442,0.00468384055420756,0.00110864744056016,0,0,0,0,0,0,0,0,0.00405405415222049,0,0,0,0,0,0,0.00245549413375556,0,0.0007999999797903,0,0,0,0.00188501412048936,0.00321931578218937,0.00429000443546101,0.00441014324314892,0.000280386942904443,0,0.000740603602025658,0.00247708696406335,0,0.0243465800303966,0,0.0236794162192382,0.00330305541865528,0,0.00116890703793615,0.115491390228271,0.0207641191082075,0,0.0229390673339367,0.15005477052182,0,0,0.00198478333186358,0.0035714284167625,0.00494071166031063,0.0254452927038074,0,0,0.00655308016575873,0.00122925627510995,0.0048995588440448,0.0155875303316861,0.0109349365811795,0.00234055006876588,0.183716079220176,0,0.0138781800633296,0,0,0,0.00205338816158473,0,0,0,0,0,0,0,0,0.0129417619900778,0.000552028708625585,0,0.0110375275835395,0.00238379021175206,0.000799786706920713,0,0.00113250280264765,0,0.000418410054408014,0,0,0,0,0,0,0,0.000809716584626585,0.00260529736988246,0.0234505860134959,0,0,0,0,0,0,0,0,0,0,0,0.0084656085819006,0.000829187396448106,0.00908574648201466,0.00679941702401266,0.0213238564319909,0.00115340249612927,0.00121802685316652,0.00136054423637688,0.0316622704267502,0.000912825169507414,0.0106335841119289,0.00684053031727672,0,0,0,0.000892060634214431,0,0,0.00534997775685042,0.0133958470541984,0.00102197239175439,0.0022701476700604,0,0.00110987795051187,0,0,0,0,0,0,0.00103305780794472,0.00121580541599542,0,0,0,0.000787711702287197,0.000619962811470032,0,0,0,0,0,0,0,0,0,0,0,0,0,0.000620925158727914,0,0,0,0,0,0,0,0,0,0.000675675692036748,0,0,0,0,0,0,0,0,0,0,0,0,0,0,0,0,0.00352526432834566,0.00122174713760614,0,0.000921658996958286,0,0,0.0010834236163646,0,0,0,0,0.0013513513840735,0,0,0,0,0,0,0,0,0,0.00117577891796827,0,0,0.00310197751969099,0.0112948769237846,0,0,0,0.000425985082983971,0.00151133502367884,0,0.000747663551010191,0,0.000680735218338668,0.000596125202719122,0,0,0,0,0.000977517105638981,0.000764526019338518,0.00113442994188517,0,0.000703234865795821,0.000971581263002008,0.00134740621433593,0,0,0,0,0.00358422927092761,0,0,0,0,0.00495049497112632,0.0178117048926651,0.00725075555965304,0,0,0,0,0.00728029094170779,0,0,0,0,0,0,0,0,0,0,0,0,0,6.97228533681482e-05,0.00367686824756674,0.00259403366362676,0.0061671290313825,0.000640204874798656,0.00428341969382018,0,0,0.00848206412047148,0,0.00323736839345656,0,0.00440140851424076,0.000636132317595184,0.00661444748402573,0,0,0.0058691521990113,0.00142285460606217
0.000307408539811149,0,0.0727673673536628,0.000397219468140975,0,0.00142450141720474,0.00188501412048936,0,0,0,0,0,0.0833333332557231,0.00520381622482091,0.0137758300406858,0,0.113725496921688,0,0.140957442345098,0.00246305414475501,0.0022650056052953,0,0.00230414746329188,0,0,0,0,0,0,0,0.00287769781425595,0,0,0,0,0,0,0,0,0,0,0,0,0,0.00115008628927171,0,0,0,0,0.00818330619949847,0,0,0,0,0,0,0,0,0,0,0,0,0,0,0,0,0,0,0,0,0,0,0,0,0,0,0,0,0,0,0,0,0,0,0,0,0,0,0.00147928996011615,0,0,0,0,0,0,0,0,0,0,0,0,0,0,0,0,0,0,0,0,0,0,0,0,0,0,0,0,0,0,0,0.00248138955794275,0,0,0,0,0,0,0,0.00132625992409885,0.0010537407360971,0,0,0,0,0,0,0,0.00242816680110991,0,0,0,0.0715746404603124,0.00630914815701544,0,0.00203355355188251,0.161515456158668,0,0,0,0,0,0.336448612622917,0,0,0,0,0.00164203613530844,0.0142011833377182,0.00397614296525717,0,0,0,0.00112930545583367,0,0,0,0.00355555559508502,0,0,0,0,0,0,0,0,0,0.000714285706635565,0,0,0,0,0,0,0,0,0,0,0,0,0,0,0,0,0,0,0,0,0,0,0,0,0,0,0,0,0,0,0,0,0,0,0,0,0,0,0,0,0,0,0,0,0,0,0,0,0,0,0,0,0,0,0,0,0,0,0,0,0,0,0,0,0,0,0,0,0,0,0,0,0,0,0,0,0,0,0,0,0,0,0,0,0,0,0,0,0,0,0,0,0,0,0,0,0,0,0,0,0,0,0,0,0,0,0,0,0,0,0,0,0,0,0,0,0,0,0,0,0,0,0,0,0,0,0,0,0,0,0,0,0,0,0,0,0,0,0.00107991357799619,0,0,0,0,0,0,0,0,0,0,0,0,0,0,0,0,0,0,0,0,0,0,0,0,0,0,0,0,0,0,0,0,0,0,0,0,0,0,0,0,0,0,0,0,0,0.000474833796033636,0,0.00035316968569532,0,0.000418410054408014,0,0,0.000413564936025068,0,0,0,0,0,0.000406338891480118,0,0,0,0
0.000296208541840315,0,0.0104076324496418,0,0,0,0,0,0,0,0,0,0.0161476349458098,0.0014295926084742,0.0520889852195978,0.113725496921688,0,0,0.236472948919982,0.00189035921357572,0,0,0,0,0,0,0,0,0.00161420495714992,0,0.00122249394189566,0,0,0,0,0,0,0,0,0,0,0,0,0,0,0.0083263945998624,0,0,0,0.294277925044298,0,0,0,0,0,0,0,0,0,0,0,0,0,0,0,0,0,0.000962463906034827,0,0,0,0,0,0,0,0,0,0,0,0,0,0,0,0,0,0.00058806233573705,0,0,0,0,0,0,0,0,0,0,0,0,0,0,0,0,0,0,0,0,0,0,0,0,0,0,0,0,0,0,0,0,0,0,0,0,0,0,0,0,0,0,0,0,0,0,0,0,0,0.000902527070138603,0,0.000736106012482196,0,0,0.00176366837695241,0.130718955770135,0.00655379542149603,0,0.0198825118131936,0.365092066582292,0,0,0,0,0.00115240563172847,0.0804020091891289,0,0,0,0.00190476188436151,0.00136612018104643,0.00733272219076753,0,0,0,0,0.000991571694612503,0,0,0,0.00145878922194242,0,0,0,0,0,0,0,0,0.00139664800371975,0,0,0,0,0,0,0,0,0.000475850596558303,0,0,0,0,0,0,0,0,0,0.00110436219256371,0,0,0,0,0,0,0,0,0,0,0,0,0,0,0,0,0,0,0,0,0,0,0,0,0,0,0,0,0,0,0,0,0,0,0,0,0,0,0,0,0,0,0,0,0,0,0,0,0,0,0,0,0,0,0,0,0,0,0,0,0,0,0,0,0,0,0,0,0,0,0,0,0,0,0,0,0,0,0,0,0,0,0,0,0,0,0,0,0,0,0,0,0,0,0,0,0,0,0,0,0,0,0,0,0,0.00202020211145282,0,0,0,0,0,0,0,0,0,0,0,0,0,0,0,0,0,0,0,0,0,0,0,0,0,0,0,0,0,0,0,0,0,0,0,0,0,0,0.00192492781206965,0,0,0,0,0,0,0,0,0,0,0,0,0,0,0,0.00119331746827811,0,0,0,0,0,0.000461361021734774,0,0,0.000785237527452409,0,0,0,0.00118063751142472,0,0,0,0,0,0,0,0,0.000383435573894531,0
