0,0,0.238623208977515,3.23117568981252,1.00573874458496,0.760773818445159,0.030824140412733,0,0,0,0,0,0.0645257639698684,0.0277209000196308,0,0.000698202115017921,0,0.00691673293476924,0.00142045458778739,0.0258723399601877,0.00794438947923481,0.0462663727812469,0.000338925601681694,0,0,0,0,0,0,0.000305296911392361,0.0100785534596071,0,0,0,0,0,0,0,0,0,0,0,0,0,0,0,0,0,0,0,0,0.00025480953627266,0,0,0,0,0,0,0,0,0,0,0,0,0,0,0.000279916013823822,0,0,0,0,0,0.000282525783404708,0,0,0,0,0,0,0,0,0,0,0,0,0,0,0,0,0,0,0,0,0,0,0,0,0,0,0,0,0,0,0.000675219460390508,0,0.00058840838028118,0.000669232045765966,0,0,0.00135180808138102,0,0.00133089337032288,0,0,0,0,0,0,0,0,0.295008608401986,0,0.000618524791207165,0.000315059849526733,0,0.00165809979080223,0.0102739722642582,0.00241947686299682,0.000984413491096348,0.00095999997574836,0.00375402213830967,0,0,0.00248508935328573,0.00146681332262233,0.00461827125400305,0,0.00107281748205423,0.00094756786711514,0,0.000338581332471222,0.141261494427454,0.000534759368747473,0,0,0,0,0,0,0.000267522729700431,0,0,0.115100675669964,0.0118123526044656,0.0149413020699285,0.00314190951758064,0.00314811913995072,0.00676933501381427,0.0116744499246124,0.156073446618393,0,0,0.000819000822957605,0,0,0,0.00130590924527496,0,0,0,0,0.0017773263680283,0,0,0,0.0150943393819034,0.000302709260722622,0.00102933603920974,0,0,0.00497036878368817,0,0.00097656252910383,0.00395882816519588,0.000226705960812978,0.000260756205534562,0,0,0,0,0,0,0.000607348920311779,0.000320410123094916,0.0042757885530591,0,0,0.000250909535679966,0,0,0,0.000317409925628453,0,0,0,0,0.000331674964400008,0,0.000333444477291778,0,0.00120754714589566,0,0,0,0,0,0,0,0,0,0,0,0,0,0,0,0,0,0,0.000328461173921824,0,0,0,0,0,0,0,0,0,0,0,0,0,0,0,0,0,0,0,0,0,0,0,0,0,0,0,0,0,0,0,0,0,0,0,0,0,0,0,0,0,0,0,0,0,0,0,0,0,0,0,0,0,0,0,0,0,0,0,0,0,0,0,0,0,0,0,0,0,0,0.000701754412148148,0,0,0,0,0,0.000347282504662871,0,0,0,0,0,0,0.000241196335991845,0,0,0,0.000516929430887103,0,0,0,0.00349206334794872,0,0,0.000329109752783552,0,0,0,0,0,0.000287026399746537,0.000336134457029402,0,0,0,0,0.000665114726871252,0,0,0.000687403313349932,0,0,0,0,0,0,0.000650618108920753,0,0,0,0,0,0,0,0,0,0,0,0,0,0,0.000745712168281898,0.000244349415879697,0.000863185152411461,0,0.0324468621984124,0.00440593343228102,0,0.00145681580761448,0,0,0,0,0,0.00168794172350317,0,0,0.000209292586077936,0.000380604396923445
0,0,0.00344827584922314,0,0.000499500485602766,0.000765696808230132,0,0.00035606196615845,0,0.00129198969807476,0,0.00113250280264765,0.00331125827506185,0.0013642564881593,0.000736106012482196,0.0118203309830278,0.00159108988009393,0.0121442126110196,0.00801068125292659,0,0,0,0.444007874466479,0,0,0,0,0,0,0,0.00321888411417603,0,0,0,0,0,0,0,0,0,0,0,0,0.000814995903056115,0,0,0.00368098157923669,0.00159235671162605,0,0,0,0,0,0,0,0,0,0,0,0,0,0,0,0,0,0,0.00265251996461302,0,0,0,0,0,0.000910746806766838,0,0,0,0,0,0.00178253115154803,0.00258397939614952,0,0,0,0,0,0,0,0,0,0,0,0,0,0,0.00209205015562475,0,0,0,0,0,0,0,0.00517464429140091,0,0.00146198831498623,0.00104438641574234,0.00182815361768007,0,0,0.00579710130114108,0,0,0,0,0,0,0,0,0,0,0.00431499443948269,0,0.0025252525229007,0,0,0,0.00129785854369402,0.00346820801496506,0.00165016506798565,0,0.000317208556225523,0,0,0.00695102656027302,0.00242571253329515,0.0156402736902237,0,0.0380730389151722,0.00552104879170656,0.0493488698266447,0.390625,0.00165975105483085,0.0885637273313478,0,0.00115540146362036,0.00767459685448557,0,0,0,0.0470497505739331,0.000520156056154519,0,0,0,0.00811907951720059,0.312056737951934,0.631292525678873,0.0545808970928192,0.163522016024217,0,0,0,0,0,0,0,0.00321802101098001,0,0,0,0,0.00133600539993495,0,0.00202429154887795,0,0.025727826054208,0,0.00634249462746084,0,0,0,0,0,0,0,0,0,0,0,0,0,0,0,0,0,0,0,0,0,0,0,0,0,0,0,0,0.00174367916770279,0,0,0,0,0,0,0,0,0,0,0,0,0,0,0,0,0,0,0,0,0,0,0,0,0,0,0,0,0,0,0,0,0,0,0,0,0,0,0,0,0,0,0,0,0,0,0,0,0,0,0,0,0,0,0,0,0,0,0,0,0,0,0,0,0,0,0,0,0,0,0,0,0,0,0,0,0,0,0,0,0,0,0,0,0,0,0,0,0,0,0,0,0,0,0,0,0,0,0,0,0,0,0,0,0,0,0,0,0,0,0,0,0,0,0,0,0,0,0,0,0,0,0,0,0,0,0,0,0,0,0,0,0.00213675224222243,0,0,0,0,0,0,0,0,0,0,0,0,0,0,0,0,0,0,0,0,0,0,0.0024227739777416,0.00136830098927021,0.000937207136303186,0.00700164728914388,0.00207684328779578,0,0.000423101329943165,0,0,0,0,0,0,0,0,0,0
0.238623208977515,0.00344827584922314,0,0.0898918327875435,0.102087114646565,0.0079575595445931,0.0178041541948915,0,0,0.00204918021336198,0,0,0.475631765963044,0.0513368993997574,0.0371675742790103,0.316799991996959,0.00722456350922585,0.0105297798290849,0.0242844757158309,0.00859598885290325,0,0,0.00140646973159164,0,0,0,0.00115141051355749,0,0,0,0.116402112878859,0,0,0,0,0,0,0,0,0,0.00132978719193488,0.000930232577957213,0,0.000699790078215301,0.00179051025770605,0,0,0,0,0.00910273077897727,0,0.000593471806496382,0,0,0,0,0,0,0,0,0,0,0,0,0,0,0.000750187551602721,0,0,0,0,0,0,0,0,0,0,0,0,0,0,0,0,0,0,0,0,0,0,0,0,0,0,0,0,0.00133067194838077,0.00300751870963722,0,0,0,0.00122473970986903,0,0.00509770587086678,0,0,0.000862440734636039,0.00133511354215443,0,0,0.0027797082439065,0,0.00130548304878175,0,0.00171086401678622,0,0,0,0,0,0,0.139744553016499,0,0.00100603618193418,0.00214018183760345,0.00076074554817751,0,0,0.00374882854521275,0.00247524748556316,0.00225861091166735,0.00149053506902419,0.000716845854185522,0.000506842392496765,0.00168114312691614,0.00162074557738379,0.00816326530184597,0.000606796122156084,0.00134318333584815,0.00539665401447564,0,0.00280112051405013,0.38284648489207,0.0113295571645722,0,0.00468384067062289,0.0246045696549118,0,0.000463499425677583,0.000495908781886101,0.0040040040621534,0.00376559188589454,0.140845068963245,0,0,0,0.0015999999595806,0.0192102449946105,0.0685314711881801,0.0105471322312951,0.0016877637244761,0,0,0.00140498776454479,0,0,0,0.00607164518442005,0,0,0,0,0.000588581489864737,0.00126662442926317,0.00287356320768595,0.00145666429307312,0.018075491534546,0,0.00444444443564862,0,0,0.000334280455717817,0,0,0,0.000460511160781607,0,0,0,0,0,0,0,0.000949216890148818,0.00113442994188517,0.00865224614972249,0.00144300144165754,0,0.000572737713810056,0.00176056334748864,0,0,0,0,0,0,0,0,0,0.00131665566004813,0.000873362470883876,0.000931966467760503,0,0,0,0,0,0,0,0,0,0,0,0,0,0,0.00147058826405555,0,0,0,0.00124223600141704,0,0,0,0,0,0,0,0,0,0,0,0,0,0,0,0,0,0,0,0,0,0,0,0,0,0,0,0,0,0,0,0,0,0,0,0,0,0,0,0,0,0,0,0,0,0,0,0,0,0,0,0,0,0,0,0,0,0,0,0,0,0,0,0,0,0,0,0,0,0,0,0,0,0,0.000677736359648407,0,0,0,0.00199104030616581,0.00102197239175439,0,0,0,0,0,0,0,0.000613685173448175,0,0,0,0.00109829765278846,0,0,0.00375469343271106,0.00141542812343687,0,0,0,0,0.000803535571321845,0.00135961931664497,0,0,0,0,0,0,0.00153491937089711,0.00149253732524812,0,0,0.000759301416110247,0,0,0,0.00119832239579409,0,0,0,0,0,0,0,0,0,0,0,0,0,0,0.000895756355021149,0.00107933080289513,0.00334098981693387,0.000788022065535188,0.0125475282256957,0.00171673821751028,0,0.00389787572203204,0,0,0,0,0,0.00119999996968545,0,0,0,9.17641664273106e-05
3.23117568981252,0,0.0898918327875435,0,1.24250548999407,0.245377162704244,0.009119095193455,0,0,0,0,0,0.137678748462349,0.00741002132417634,0,0.000396196526708081,0,0.00702062342315912,0.000403958809329197,0.00693107431288809,0.000746129429899156,0.0123124280944467,0,0,0,0,0,0,0,0,0.00461589178303257,0,0,0,0,0,0,0,0,0,0,0,0,0,0,0,0,0,0,0,0,0,0,0,0,0,0,0,0,0,0,0,0,0,0,0,0.000309405935695395,0,0,0,0,0,0.000312597694573924,0,0,0,0,0,0,0,0,0,0.000324201653711498,0,0,0,0,0,0,0,0,0,0,0,0,0,0.000345244247000664,0,0,0,0,0,0,0.000381460995413363,0,0,0,0,0,0.000381898047635332,0,0.000375234521925449,0,0,0,0,0,0,0.00308880303055048,0,0.0799376082431991,0,0.000691323890350759,0.000352920411387458,0,0.0347663551219739,0.0027860002592206,0.00202292657922953,0.00184706310392357,0.000718261813744903,0.000951746478676796,0.000303582259221002,0.000258264451986179,0.00108592375181615,0.000800000008894131,0.00256081949919462,0,0.00029515937785618,0.0017695983115118,0,0.000382701866328716,0.108008138136938,0,0,0,0,0,0,0,0,0,0.000394011032767594,0.0769085062784143,0,0.00121432909509167,0.00118858958012424,0.00458392116706818,0.00726855400716886,0.00301034818403423,0.0658238008618355,0,0,0.000300978164887056,0,0,0,0.00146923784632236,0,0,0,0,0.00138966090162285,0,0,0,0.013734812673647,0.000337495788699016,0.00116550119128078,0,0,0.00163582456298172,0,0,0.000424493249738589,0.000245670060394332,0,0,0,0,0,0,0,0,0,0.00146993974340148,0,0,0.000274348421953619,0,0,0,0,0,0,0,0,0,0,0,0,0,0,0,0,0,0,0,0,0,0,0,0,0,0,0,0,0,0,0,0.000369822490029037,0,0,0,0,0,0,0,0,0,0,0,0,0,0,0,0,0,0,0,0,0,0,0,0,0,0,0,0,0,0,0,0,0,0,0,0,0,0,0,0,0,0,0,0,0,0,0,0,0,0,0,0,0,0,0,0,0,0,0,0,0,0,0,0,0,0,0,0,0,0,0,0,0,0,0,0,0.000393855851143599,0,0,0,0,0,0,0.000262777553871274,0,0,0,0,0,0,0,0.00213561131386086,0,0,0,0,0,0,0,0,0,0,0,0,0,0,0,0,0,0,0,0,0,0,0,0,0,0,0,0,0,0,0,0,0,0,0,0,0,0,0,0.000314243079628795,0.000266524526523426,0.000232910213526338,0,0.0136895562754944,0.00130548304878175,0,0.00156792474444956,0,0,0,0,0,0,0,0,0,0
1.00573874458496,0.000499500485602766,0.102087114646565,1.24250548999407,0,0.942662102926988,0.0176639435812831,0,0,0,0,0.000797766260802746,0.833201565314084,0.0110309714218602,0,0.0166096726898104,0,0.00985891540767625,0.00550412817392498,0.00801886804401875,0.00953029244556092,0.0301602259278297,0,0,0,0,0,0,0,0,0.00704225344816223,0,0,0,0,0,0,0,0,0,0,0,0,0,0,0,0,0,0,0,0,0.000321853876812384,0,0,0,0,0,0,0,0,0,0,0,0,0,0,0.0003629763959907,0,0,0,0,0,0,0,0,0,0,0,0.000457665912108496,0,0,0,0,0,0,0,0,0,0,0,0,0,0,0,0,0,0.000413308531278744,0,0,0,0,0,0.000994777423329651,0.000466309167677537,0,0.000387371692340821,0.000460617215139791,0,0,0.00326873682206497,0,0.000457038404420018,0,0,0,0,0,0,0,0,0.0622754494543187,0.000748643069528043,0.00206953642191365,0.000424358149757609,0,0,0.00417623727116734,0.00200883892830461,0.00179372192360461,0.00130010835709982,0.00230294148786925,0.000709975138306618,0,0.00343053170945495,0.00183318054769188,0.00491122022503987,0,0.00103057367959991,0.000425803707912564,0,0,0.0166180099768098,0.00102651841007173,0,0,0.000439463852671906,0,0,0,0.000684814236592501,0,0,0.0730635821819305,0.000932183640543371,0.011035866686143,0.00195407913997769,0.0131411615584511,0.0191857739118859,0.00596193544333801,0.0724745609331876,0,0,0.000702864199411124,0,0,0,0.00356268091127276,0,0,0,0,0.0019224607385695,0,0,0.000715563481207937,0.0237037043552846,0.000402252626372501,0.000953743467107415,0,0,0.0018126203212887,0,0,0.000236155392485671,0,0,0,0,0,0,0,0,0,0.000434121990110725,0.00239357145619579,0,0,0,0.000502512557432055,0,0,0,0,0,0,0,0,0,0,0,0.00080160319339484,0,0,0,0,0,0,0,0,0,0,0,0,0,0,0,0,0,0,0,0,0,0,0,0,0,0,0,0,0,0,0,0,0,0,0,0,0,0,0,0,0,0,0,0,0,0,0,0,0,0,0,0,0,0,0,0,0,0,0,0,0,0,0,0,0,0,0,0,0,0,0,0,0,0,0,0,0,0,0,0,0,0,0,0,0,0,0,0,0,0,0,0,0,0,0,0,0,0,0,0,0,0,0,0,0,0,0,0,0,0,0.00128617361770011,0,0,0,0,0,0,0,0,0,0,0,0,0,0,0,0,0,0,0,0,0,0,0,0,0,0,0,0,0,0,0,0,0,0,0,0,0,0,0,0,0,0.000524040369782597,0,0.0281342563102953,0.00309238489717245,0,0.00150470214430243,0,0,0,0,0,0,0,0,0,0
0.760773818445159,0.000765696808230132,0.0079575595445931,0.245377162704244,0.942662102926988,0,0.661778797279112,0,0,0,0,0,0.591603028296959,0.00421432871371508,0,0.0118430787697434,0,0.0601202403777279,0.249520158104133,0.105337079730816,0.0915422901744023,0.507012618589215,0.000695894239470363,0,0,0,0,0,0,0,0.00215053767897189,0,0,0,0,0,0,0,0,0,0,0,0,0,0,0,0,0.000642673519905657,0,0,0,0,0,0,0,0,0,0,0,0,0,0,0,0,0,0,0.000485672644572333,0,0,0,0,0,0,0,0,0,0,0,0,0,0,0,0,0,0,0,0,0,0,0,0,0,0,0,0,0,0,0,0,0,0,0,0,0.000690369342919439,0,0.0084858126938343,0.00271186442114413,0,0,0.0124524382408708,0,0.00670241308398545,0,0.00152613501995802,0,0,0,0,0,0,0.10348544921726,0.00455580849666148,0.00581395346671343,0,0,0,0.0347365316702053,0.0156162860803306,0,0.00310269941110164,0.0205857135588303,0.000471475708764046,0,0.0191196966916323,0.0259992242790759,0.0609943646704778,0,0.00496613988070749,0.000605143723078072,0,0,0.000653381226584315,0.00179654161911458,0,0,0,0,0,0,0,0,0.000732600747141987,0.032049095374532,0.14418765535811,0.070905587868765,0.0111028863466345,0.0222489478182979,0.292158213269431,0.0188615694642067,0.163064087100793,0,0,0.0339613861578982,0,0,0,0.0322684732964262,0,0,0,0,0.0230927830561996,0,0,0.000476417335448787,0.0924092372879386,0.00335195520892739,0.00713775865733624,0,0,0.000537995947524905,0,0,0,0.000345125095918775,0,0,0,0,0,0,0,0,0,0.000897464633453637,0.000704721605870873,0,0.000404530757805333,0,0,0,0,0,0,0,0,0,0,0,0,0,0,0,0,0,0,0,0,0,0,0,0,0,0,0,0,0,0,0,0,0,0,0,0,0,0,0,0,0,0,0,0,0,0,0,0,0,0,0,0,0,0,0,0,0,0,0,0,0,0,0,0,0,0,0,0,0,0,0,0,0,0,0,0,0,0,0,0,0,0,0,0,0,0,0,0,0,0,0,0,0,0,0,0,0,0,0,0,0,0,0,0,0,0,0,0,0,0,0.000577867671381682,0,0,0,0,0,0,0,0,0,0,0,0,0.000611060182563961,0,0,0,0.000698080286383629,0,0,0,0.000341296923579648,0,0,0,0,0,0,0,0,0,0,0,0,0,0,0,0,0,0,0,0,0,0,0,0,0,0,0,0,0,0,0,0.000577867656829767,0,0.00192276877351105,0,0.132300356752239,0.0486515073571354,0,0.000911438546609133,0,0,0,0,0,0.000309981405735016,0,0,0,8.60326035763137e-05
0.030824140412733,0,0.0178041541948915,0.009119095193455,0.0176639435812831,0.661778797279112,0,0,0,0,0,0,0.0898587919073179,0.0100452033802867,0.00185070937732235,0.0058351568877697,0,0.0443037977674976,0.0204081637784839,0.0461437035119161,0.0249406186630949,0.261669965111651,0,0,0,0,0,0,0,0,0.00418585172155872,0,0,0,0,0,0,0,0,0,0,0,0,0,0,0,0,0,0,0,0,0,0,0,0,0,0,0,0,0,0,0,0,0,0,0,0.000717617513146251,0,0,0,0,0,0,0,0,0,0,0,0,0,0.00107009091880172,0,0,0,0,0,0,0,0,0,0,0,0,0,0,0,0,0,0,0,0,0,0,0,0,0.00081967213191092,0,0,0,0.00256410264410079,0,0.002419842639938,0,0,0,0,0,0,0,0,0.0509641880635172,0,0,0,0,0,0.00774443382397294,0.0035476719494909,0,0,0.00409956084331498,0,0,0.00325203244574368,0.0125555852428079,0.0233372231014073,0.000585308764129877,0.0103259114548564,0,0,0,0.00346820801496506,0.00512492004781961,0,0,0,0,0,0,0,0,0,0,0.571428559720516,0.00791139260400087,0.0247994167730212,0.0120300748385489,0.116054154932499,0.0219780227635056,0.0643185318913311,0,0,0.0687331521185115,0,0,0,0.00904977414757013,0,0,0,0,0.0068201192189008,0,0,0.000697593321092427,0.00699300679843873,0,0,0,0,0,0,0.00111982086673379,0,0,0,0,0,0,0,0,0,0,0,0,0,0,0,0,0,0,0,0,0,0,0,0,0,0,0,0,0,0,0,0,0,0,0,0,0,0,0,0,0,0,0,0,0,0,0,0,0,0,0,0,0,0,0,0,0,0,0,0,0,0,0,0,0,0,0,0,0,0,0,0,0,0,0,0,0,0,0,0,0,0,0,0,0,0,0,0,0,0,0,0,0,0,0,0,0,0,0,0,0,0,0,0,0,0,0,0,0,0,0,0,0,0,0,0,0,0,0,0,0,0,0,0,0,0,0,0,0,0,0,0,0,0,0,0,0,0,0.00308959849644452,0,0,0,0,0,0,0,0,0,0,0,0,0,0,0,0,0,0,0,0,0,0,0,0,0,0,0,0,0,0,0,0,0,0,0,0,0,0,0,0.00022094564337749,0,0.00122199591714889,0,0.0237873997539282,0.0081599346594885,0,0.000380807323381305,0,0,0,0,0,0,0,0,0,9.12575269467197e-05
0,0.00035606196615845,0,0,0,0,0,0,0.298692725307774,0.117647059378214,0.0390707500919234,0.091745890211314,0,0.000316105579258874,0.000527843774762005,0,0,0.00293489854084328,0,0,0,0,0.000340193917509168,0,0,0,0.000322893116390333,0,0,0,0.000297397782560438,0.000641333987005055,0,0,0.000348310684785247,0.0923787499777973,0.00645681982859969,0,0.00290838576620445,0.304925968725001,0.00335514167090878,0.0121083704289049,0.0233605399553198,0.00820232438854873,0.00119563587941229,0.000652635004371405,0.0104760437970981,0.00163478835020214,0,0.00433694728417322,0.0661276683094911,0.0925003223819658,0.297985307348426,0.13596927607432,0.0934579409658909,0.267906669294462,0.000661703874357045,0,0,0.000317409925628453,0,0,0,0,0,0,0.0084234171663411,0.000574135221540928,0,0.000299625477055088,0.000293341145152226,0,0.0042510982893873,0.00571065978147089,0.000283486879197881,0,0,0.069471477298066,0.0020056827343069,0.00425909506157041,0.00225624491577037,0.00275819803937338,0.00234329234808683,0.000541345216333866,0.00211640214547515,0,0.000846142997033894,0,0,0,0,0,0,0,0.00171909923665226,0.0318906600878108,0.00836949795484543,0.000334001349983737,0.0413288810523227,0.0198503585124854,0.00131362886168063,0.0204861116071697,0.000709975138306618,0.00677736359648407,0.00256863050162792,0.0044273906678427,0,0.00189873419003561,0.000927500368561596,0,0.000340541475452483,0.00133578223176301,0.00319715804653242,0.0337717728689313,0.00499197718454525,0.00959306815639138,0.0348763482179493,0,0,0,0,0,0,0,0,0,0,0,0.000329326518112794,0,0.000179115173523314,0,0.0011900511890417,0,0.0007353842665907,0.00665991022833623,0.00128982326714322,0.00349697365891188,0.000316957215545699,0.00158227849169634,0.00169923529028893,0.000659413111861795,0.000536336796358228,0.0060831363662146,0.007281553465873,0,0.0213132740464061,0.00205198353796732,0.0113074206747115,0.00939093108172528,0.00620261869335081,0,0,0,0,0,0.00094771760632284,0,0,0,0,0,0,0,0,0,0.00327654008287936,0.022628372971667,0.00103501809644513,0,0.00117629754822701,0.000254614889854565,0,0,0,0.00126222788821906,0,0.000344411906553432,0,0,0,0,0,0,0,0,0,0,0,0,0,0,0,0,0,0,0,0,0,0,0,0,0,0,0,0,0,0,0,0,0,0,0,0,0.00034530388074927,0,0,0.00187911058310419,0,0.000890207709744573,0.010218745097518,0,0.000864802510477602,0.000250626559136435,0,0,0,0,0,0,0,0,0,0,0,0,0,0,0,0.000324622640619054,0,0,0,0,0,0,0,0,0.000231213867664337,0,0,0,0,0,0,0,0,0,0,0,0,0,0,0,0,0,0,0,0,0,0,0,0,0,0,0,0,0,0,0,0,0,0,0,0,0,0,0,0,0,0,0,0,0,0,0,0,0,0,0,0,0,0,0,0,0,0,0,0,0,0,0,0,0,0,0,0,0,0,0,0,0,0,0,0,0.000340715516358614,0,0,0,0,0,0,0,0,0,0,0,0,0,0,0,0,0,0,0,0,0,0,0,0,0,0,0,0,0,0,0,0,0,0,0.00146676655276679,0.120406338712201,0.305279903521296,0.125892275915248,0.0557541083253454,0.00740969460457563,0.000589361996389925,0,0.0371297461679205,0.000187076155270915,0.00537510582944378,0.000239923218032345,0,0,0,0,0,0.000209775535040535,0.0332165182917379
0,0,0,0,0,0,0,0.298692725307774,0,0.0388127837795764,0.00720201642252505,0.0204191303346306,0,0,0.000427990569733083,0,0,0.000435634923633188,0,0,0,0,0,0,0,0.000484496122226119,0,0,0,0,0,0,0,0,0,0.274311066837981,0.0066869297879748,0,0.0237515236367472,0.0140048477333039,0,0.0194489469286054,0.000476077111670747,0.00362811796367168,0.000528261996805668,0,0.0022308980114758,0.000622664985712618,0,0.00129449833184481,0.150130059337243,0.414872008201201,0.628930813400075,0.0208434313244652,0.00914120738161728,0.00868486345279962,0,0,0,0.000588928174693137,0,0,0,0,0,0,0.0137505931197666,0,0,0,0,0,0.00867052038665861,0.00117681676056236,0,0,0,0.00211976678110659,0.000649772584438324,0.00512820522999391,0,0,0,0,0,0,0,0,0,0,0,0,0,0,0.000686813204083592,0.0425625266798306,0.00733013835269958,0,0.00354400486685336,0.0186608125222847,0.0144427002524026,0.0336252199485898,0.00073286920087412,0.040040040621534,0.00962695572525263,0.00103332474827766,0,0,0,0,0,0,0,0.00294009549543262,0.00221893494017422,0.0567734670476057,0.0188069343566895,0,0,0,0,0,0,0,0,0,0,0,0,0,0,0,0.000363768631359562,0.000390548724681139,0,0.000499750138260424,0,0.000441501091700047,0.00117474305443466,0,0,0,0,0.00199137080926448,0.00108489289414138,0,0.105293441447429,0.00340889731887728,0.00214861234417185,0.00219828536501154,0.000689536274876446,0,0,0,0,0,0,0,0,0,0,0,0,0,0,0,0.012503907782957,0.018309858511202,0,0,0,0,0,0,0.000465332705061883,0,0,0.000689179869368672,0,0,0,0,0,0,0,0,0,0,0,0,0,0,0,0,0.000438885239418596,0,0,0,0,0,0,0,0,0,0,0,0,0,0,0,0,0,0,0,0.00138552126009017,0,0.00237741461023688,0.00287273782305419,0,0.000521512411069125,0,0,0,0,0,0,0,0,0,0,0,0,0,0,0,0,0,0,0,0,0,0,0,0,0,0,0,0,0,0,0,0,0,0,0,0,0,0,0,0,0,0,0,0,0,0,0,0,0,0,0,0,0,0,0,0,0,0,0,0,0,0,0,0,0,0,0,0,0,0,0,0,0,0,0,0,0,0,0,0,0,0,0,0,0,0,0,0,0,0,0,0,0,0,0,0,0,0,0,0,0,0,0,0,0,0,0,0,0,0,0,0,0,0,0,0,0,0,0,0,0.000694203423336148,0.000736106012482196,0,0,0,0,0,0,0,0,0,0,0,0,0,0,0,0,0,0,0.00100304259831319,0.0742153968749335,0.0555344250169583,0.0772748790041078,0.0180929094785824,0.00264239576063119,0,0,0.0218464765057433,3.26583940477576e-05,0.00375568300660234,0,0,0,0,0,0,0,0.0131066092435503
0,0.00129198969807476,0.00204918021336198,0,0,0,0,0.117647059378214,0.0388127837795764,0,0.0111593306064606,0.2713057124638,0,0,0.00683955545537174,0.0012210012646392,0.000976085895672441,0.00583600834943354,0,0,0,0,0,0,0,0.00202429143246263,0.000941176491323858,0,0.00329489295836538,0,0,0,0,0,0,0,0.000940733763854951,0,0.00471698120236397,0,0.00422832975164056,0.00709219858981669,0.0125123473117128,0.0394331477582455,0.00152555305976421,0.00388349522836506,0.0239471517852508,0.0048828125,0.00101936794817448,0.0124610597267747,0.00948316766880453,0.0250133059453219,0.0574121677782387,0.0479405816877261,0.0040093552088365,0.00194174761418253,0,0,0,0.00179211469367146,0,0,0.000718648952897638,0,0,0,0.151931893546134,0.00207039329688996,0,0,0,0,0.0622489954694174,0.00178970920387655,0.000669792352709919,0,0,0.00153256708290428,0.00104493205435574,0.00127713917754591,0,0,0,0,0,0,0,0,0.00100603618193418,0,0,0,0,0,0.00686498824506998,0.40365351800574,0.153587913955562,0.00208441889844835,0.00180018006358296,0.000806451600510627,0,0.00118273205589503,0,0.00545553746633232,0.00185185181908309,0.00295530096627772,0.00106044544372708,0,0,0,0,0,0,0.00513808615505695,0.0051948050968349,0.000835421902593225,0.0187583744991571,0,0,0,0,0,0,0,0,0,0,0.00158604281023145,0,0,0,0,0,0,0.000977995106950402,0.00281888642348349,0,0.00891265575774014,0.00178491743281484,0.000888494017999619,0.00550660770386457,0.00300450681243092,0.00413101218873635,0.0097349917050451,0.0206103841774166,0.00381861580535769,0.00432525965152308,0.00255156290950254,0.0162859079428017,0.0059084192616865,0.00948889378923923,0,0,0,0,0,0.00442086660768837,0.00220022001303732,0,0,0,0,0,0,0,0,0,0.00119331746827811,0,0,0,0,0,0,0,0.00264433678239584,0,0,0,0,0,0,0,0,0,0,0,0,0,0,0,0,0,0,0,0,0,0,0,0,0,0,0,0,0,0,0,0,0,0,0,0,0,0,0,0,0,0,0,0,0.00182315404526889,0,0,0,0,0,0,0,0,0.00200200197286904,0,0,0,0,0,0,0,0,0,0.00382409174926579,0,0,0.000535618630237877,0,0,0,0,0,0,0.000475285167340189,0,0,0,0,0,0,0,0,0,0,0,0,0,0,0,0,0,0,0,0,0,0,0,0,0,0,0,0,0,0,0,0,0,0,0,0,0,0,0,0,0,0,0,0,0,0,0,0,0,0,0,0,0,0,0,0,0,0,0,0,0,0,0,0,0,0,0,0,0,0,0,0,0,0,0,0,0,0,0,0,0,0,0,0,0,0,0,0,0,0,0,0,0,0,0,0,0,0,0,0,0,0,0,0,0,0,0,0,0,0,0.000102294809039449,0.00665307424787898,0.193942354642786,0.0200888547115028,0.0082023236900568,0,0.000735835172235966,0,0.00217430689372122,0,0,0.000468713376903906,0,0,0,0,0,0.000365965242963284,0.000721273070666939
0,0,0,0,0,0,0,0.0390707500919234,0.00720201642252505,0.0111593306064606,0,0.0939377343747765,0.00106553011573851,0,0,0.00219538970850408,0,0.00370370369637385,0,0,0,0,0,0,0,0,0.00143061520066112,0,0,0,0,0,0,0,0,0,0,0,0,0.0131723382510245,0.0223175968276337,0,0.033766234642826,0.0238189764786512,0,0,0.00471976399421692,0.00151400454342365,0,0,0.00171870522899553,0.00527878571301699,0.00746733066625893,0.00357941840775311,0.00529567524790764,0.0840210057795048,0.00160128099378198,0,0,0.00132890359964222,0,0,0,0,0,0,0.00429737847298384,0,0,0,0,0,0.0274214951787144,0.0159151190891862,0,0,0,0.14869888080284,0.0336983986198902,0.393325384939089,0.00851667858660221,0,0.00393700785934925,0,0,0,0,0,0,0,0,0,0,0,0.00391772761940956,0.0127484059776179,0.00241545890457928,0,0.00267558521591127,0,0,0.00207468890585005,0,0,0,0,0,0.00131233595311642,0,0,0,0,0,0,0.0123001227620989,0.00359928002581,0.0158730153925717,0,0,0,0,0,0,0,0,0,0,0,0,0,0,0,0.00110895477700979,0.000619195052422583,0,0.0113690192811191,0.000676361203659326,0.00757862813770771,0.00132100400514901,0.00131233595311642,0,0,0,0.00713012460619211,0.00445434311404824,0,0.00252365926280618,0.00352112663676962,0.00974553299602121,0.00601956341415644,0.00511508958879858,0,0,0,0,0,0.00130293157417327,0,0,0,0,0,0,0,0,0,0,0,0,0,0,0.000653808412607759,0,0,0,0,0,0,0,0,0,0,0,0,0,0,0,0,0,0,0,0,0,0,0,0,0,0,0,0,0,0,0,0,0,0,0,0,0,0,0,0,0,0,0,0,0,0,0,0,0.00954328593797982,0,0,0,0,0,0,0,0,0,0,0,0,0,0,0,0,0,0,0.0058608059771359,0,0,0,0,0,0,0,0,0,0,0,0,0,0,0,0,0,0,0,0,0,0,0,0,0,0,0,0,0,0,0,0,0,0,0,0,0,0,0,0,0,0,0,0,0,0,0,0,0,0,0,0,0,0,0,0,0,0,0,0,0,0,0,0,0,0,0,0,0,0,0,0,0,0,0,0,0,0,0,0,0,0,0,0,0,0,0,0,0,0,0,0,0,0,0,0,0,0,0,0,0,0,0,0,0,0,0,0,0,0,0,0,0,0,0,0,0,0,0,0,0,0.00162942273891531,0.131274137704168,0.00224719100515358,0.000909504306036979,0,0,0,0,0,0,0,0,0,0,0,0,0,9.32140173972584e-05
0,0.00113250280264765,0,0,0.000797766260802746,0,0,0.091745890211314,0.0204191303346306,0.2713057124638,0.0939377343747765,0,0,0,0.00160987389972433,0,0,0.00603566528297961,0,0,0,0,0,0,0,0.000628535519354045,0,0,0.000980873010121286,0,0,0,0,0,0,0,0.000853242294397205,0.000749625207390636,0,0.00795084901619703,0.0199052130337805,0.0021770682069473,0.0239631331642158,0.0219399536726996,0,0.000877963146194816,0.0083333330694586,0.00264783762395382,0,0.00373134319670498,0.00225428317207843,0.0155935608199798,0.0101880875299685,0.0138364777667448,0.00809716613730416,0.0579455676488578,0.000911577022634447,0,0,0,0,0,0,0,0,0,0.102689491119236,0,0,0,0,0,0.126637551526073,0.000815328152384609,0,0,0,0.0091937766992487,0.000938086304813623,0.0145739917643368,0.000849617645144463,0,0,0,0.00217076693661511,0,0,0,0,0,0,0,0,0,0.00406917603686452,0.0725359919597395,0.0176855053869076,0,0.00245901639573276,0,0,0.00209533795714378,0,0.000975134084001184,0.000841042899992317,0.00136752135585994,0,0,0,0,0,0,0.00112422707024962,0.00338028185069561,0,0.000765696808230132,0.0130240134894848,0,0,0,0,0,0,0,0,0,0,0,0.000900090031791478,0.00084139674436301,0,0,0.00131810194579884,0,0,0.00327225134242326,0.000512557686306536,0.0195312508731149,0.000813338730949908,0.00243013357976452,0.000983284204266965,0,0.000554477388504893,0.010643444780726,0.016052536200732,0.00172935577575117,0.00237154145725071,0.00284495021332987,0.0237120075325947,0.0122120458399877,0.00700308952946216,0,0,0,0,0,0.00241935480153188,0.00196463661268353,0,0,0,0,0,0,0,0,0.000887705304194242,0.00105596624780446,0,0,0,0.000499500485602766,0,0.00100100098643452,0,0.000804181734565645,0,0,0,0,0,0,0,0,0,0,0,0,0,0,0,0,0,0,0,0,0,0,0,0,0,0,0,0,0,0,0,0,0.000941176491323858,0,0,0,0,0,0,0,0,0,0,0,0.00497512437868863,0,0.00129575643222779,0,0,0,0,0,0,0,0,0,0,0,0,0,0.000884173321537673,0,0,0.00173160177655518,0,0,0,0,0,0,0,0,0,0,0,0,0,0,0,0,0,0,0,0,0,0,0,0,0,0,0,0,0,0,0,0,0,0,0,0,0,0,0,0,0,0,0,0,0,0,0,0,0,0,0,0,0,0,0,0,0,0,0,0,0,0,0,0,0,0,0,0,0,0,0,0,0,0,0,0,0,0,0,0,0,0,0,0,0,0,0,0,0,0,0,0,0,0,0,0,0,0,0,0,0,0,0,0,0,0,0,0,0,0,0,0,0,0,0,0,0,0,0,0,0,0.00314564334985334,0.18923933361657,0.00556070430320688,0.00508905854076147,0.00034094782313332,0,0,0.00104584280052222,3.31707960867789e-05,0,0,0.000359389028744772,0,0,0,0,0,0.000714253808837384
0.0645257639698684,0.00331125827506185,0.475631765963044,0.137678748462349,0.833201565314084,0.591603028296959,0.0898587919073179,0,0,0,0.00106553011573851,0,0,0.0412371130660176,0.00636098580434918,0.666666630655527,0.00345871155150235,0.056353289168328,0.359002767596394,0.0595703125,0.011738148808945,0.0467836260795593,0.00771456118673086,0,0,0,0,0,0,0,0.04520548065193,0,0,0,0,0,0,0,0,0.000710984691977501,0,0,0,0,0,0,0.00074460165342316,0.000865051930304617,0,0.00365296797826886,0,0,0,0,0,0,0,0,0,0,0,0,0,0,0,0,0.000602772750426084,0,0,0,0,0,0.00123001227620989,0,0,0,0,0,0,0,0,0,0,0,0,0,0,0,0,0,0,0,0,0,0,0,0.00151114468462765,0,0,0,0,0,0.00328048097435385,0,0,0.00134634808637202,0.00558139546774328,0.000795228639617562,0,0.000956480158492923,0,0.00366300367750227,0,0,0.00110864744056016,0,0,0,0,0,0.104891578666866,0,0.00227272720076144,0,0.00121914048213512,0,0.0030804774723947,0.00717875082045794,0.00440917094238102,0.000825423048809171,0.00407553321565501,0.000581057509407401,0.00043497173464857,0.00900260586058721,0.00275608641095459,0.0193423591554165,0,0.00771349889691919,0.00638722535222769,0,0.00673076923703775,0.0663423270452768,0.0213523129932582,0.000946521526202559,0,0.0245866893674247,0,0,0,0.00164428615244105,0.000816159939859062,0.0176165810553357,0,0.00476417335448787,0.00334261846728623,0.0399579368531704,0.123515438754112,0.421709881862625,0.0544029508600943,0.00217746314592659,0,0,0.0045727351680398,0,0,0,0.00782949122367427,0,0,0,0,0.00246913579758257,0.000896458979696035,0.00391389429569244,0.00117716297972947,0.0347414121497422,0,0.00399600388482213,0,0,0.000904295418877155,0,0,0,0.000400400400394574,0.000520426721777767,0,0,0,0,0,0,0.000724900339264423,0.000828157353680581,0.00218758545815945,0,0.000925497442949563,0,0,0,0,0,0,0,0,0,0,0,0,0,0,0,0,0,0,0,0,0,0,0,0,0,0,0,0,0,0,0,0,0.000884173321537673,0,0,0,0,0,0,0,0,0,0,0,0,0,0,0,0,0,0,0,0,0,0,0,0,0,0,0,0,0,0,0,0,0,0,0,0,0,0,0,0,0,0,0,0,0,0,0,0,0,0,0,0,0,0,0,0,0,0,0,0,0,0,0,0,0,0,0,0,0,0,0,0,0,0,0,0,0,0,0,0,0,0,0,0,0,0,0,0,0,0,0,0.00323493732139468,0,0,0,0.000968522974289954,0,0,0,0,0,0,0,0,0,0,0,0,0,0,0.00100959115661681,0,0,0,0,0,0,0,0,0,0,0,0,0,0,0,0,0,0,0,0,0.000417405826738104,0.00137677832390182,0.00147031794767827,0.000626959255896509,0.0257104184711352,0.00670690787956119,0,0.00553346006199718,0,0,0,0.000356442702468485,0,0,0,0,0,0.000356395059498027
0.0277209000196308,0.0013642564881593,0.0513368993997574,0.00741002132417634,0.0110309714218602,0.00421432871371508,0.0100452033802867,0.000316105579258874,0,0,0,0,0.0412371130660176,0,0.143565805396065,0.0359897171147168,0.00305033032782376,0.00896861020009965,0.00274160387925804,0.0152761454228312,0.00214018183760345,0.00586166454013437,0,0.00118483416736126,0.000886132009327412,0,0.00293685751967132,0,0.00345025886781514,0.0470984023995697,0.769230786245316,0.241610741475597,0.239436623174697,0.389067503507249,0.368321814341471,0,0.0234833657741547,0.0278716222965159,0,0.000810701283626258,0.0165745848789811,0,0.00609137053834274,0,0.00236220471560955,0.0010111223673448,0.000854700861964375,0.00101729400921613,0,0.00325379613786936,0,0,0,0,0,0,0.00422386499121785,0.0565789497923106,0.0117785634938627,0.157209305674769,0.376100042136386,0.0259933166671544,0.0244353952584788,0.0191044770181179,0.0033538289135322,0,0.00134589499793947,0,0.0325544774532318,0,0,0.00564086472149938,0,0.000928936351556331,0,0,0,0,0,0,0,0,0,0,0,0.000591366027947515,0,0.00293793599121273,0.00104931788519025,0.00655430718325078,0,0,0,0,0,0,0,0,0,0,0,0,0.018880648072809,0.00342661351896822,0,0,0.00443458976224065,0.00184416782576591,0,0.00343839533161372,0,0.00217627850361168,0,0.00406779663171619,0,0,0.000927213695831597,0,0.0533175375312567,0,0.230910209007561,0,0.00435919791925699,0.00275862071430311,0.00272572413086891,0,0,0.0081967213191092,0.0124869933351874,0,0.00171062018489465,0,0.000470366881927475,0.00154838705202565,0.00149700598558411,0.00290275760926306,0.0011104941368103,0.0030450671329163,0.00277906435076147,0,0.0046136099845171,0.0532637072028592,0.00907166657270864,0,0.00081933633191511,0.00993542023934424,0,0.000432806758908555,0,0.00181653042091057,0.0008781558717601,0.0101010100916028,0,0,0.00138026219792664,0.00514138815924525,0.0110091743990779,0.019585253437981,0.0131651130504906,0,0.168980080634356,0.0206686920719221,0.000634316529612988,0.00985828693956137,0.00141542812343687,0,0.00512032769620419,0,0,0.00086542620556429,0,0.000539956788998097,0.00318302388768643,0.00706713809631765,0.000655308016575873,0.030178326414898,0,0.0108695650706068,0.225259187398478,0.119133577100001,0.00190809345804155,0,0.00101471331436187,0.000674422539304942,0.00215100022614934,0,0.000988630694337189,0.000442282180301845,0,0,0,0,0.00248653121525422,0.0444659253116697,0.0169133185409009,0.00472813239321113,0,0.000526592950336635,0,0,0,0,0,0,0,0.0007072135922499,0.00538502936251462,0.000867302704136819,0.00109589041676372,0.00385208026273176,0.00978792831301689,0,0.00118976796511561,0.00120918988250196,0.0109689210075885,0,0.00566304847598076,0.00715883681550622,0,0.00154499802738428,0.0293560614809394,0,0.00287047005258501,0,0.00180018006358296,0.00360144046135247,0,0.00143988477066159,0.00151400454342365,0,0,0,0,0,0,0,0.00101936794817448,0.00129449833184481,0,0.0109452741453424,0,0.00432744319550693,0.00219058059155941,0.00115340249612927,0,0,0.000486973469378427,0,0.00311180259450339,0.000484730961034074,0.000722804456017911,0.000761035014875233,0,0,0,0,0,0,0,0,0,0,0,0.000553250371012837,0,0.000579878222197294,0.00151572562754154,0,0.00341491168364882,0,0.000824062619358301,0,0,0,0,0,0,0,0,0,0,0,0,0.00119189510587603,0,0,0,0,0,0,0,0,0,0,0,0,0,0,0,0,0,0,0,0,0,0,0,0.000919117650482804,0.00172786181792617,0,0,0,0,0.000485554744955152,0,0,0,0.000561009801458567,0,0,0,0.0094029150204733,0,0,0,0.00232693436555564,0,0,0,0.000424268131610006,0,0.00225098477676511,0,0,0,0,0,0,0,0,0.00856269092764705,0,0,0,0,0,0,0,0,0,0,0,0,0.0012812300119549,0.00150829565245658,0,0,0,0.00392349204048514,0,6.82920144754462e-05,0.0075782182830153,0.0114656033692881,0.00628066714853048,0.00140646973159164,0.0229967664927244,0.00455235200934112,0,0.0139782969490625,3.33366660925094e-05,0.00270513980649412,0.00191158906091005,0.000759734073653817,0,0.00113079531001858,0,0,0.000743080046959221,0.00171937927370891
0,0.000736106012482196,0.0371675742790103,0,0,0,0.00185070937732235,0.000527843774762005,0.000427990569733083,0.00683955545537174,0,0.00160987389972433,0.00636098580434918,0.143565805396065,0,0.022087637509685,0.0254816653905436,0.00174064398743212,0.0022140220971778,0,0,0,0,0,0,0.00290346000110731,0.000607164518442005,0.000551876379176974,0.35852841893211,0.371452192426659,0.38797385036014,0.00239736284129322,0.00338409474352375,0.0519730509258807,0.052779731049668,0,0.00242792116478086,0.00055263884132728,0.000608087575528771,0.00107584719080478,0.00718719349242747,0.00593471806496382,0.00427960068918765,0.00317100784741342,0.0110788714955561,0.0817590560764074,0.00111389590892941,0.0111905500525609,0.000638773548416793,0.079483040550258,0,0.000405926519306377,0.000570939213503152,0.00145243285805918,0.00192215282004327,0,0,0.000721761083696038,0.00203458807663992,0.00294031167868525,0.000586510286666453,0,0.00101214577443898,0,0,0,0.00189438788220286,0.000491762941237539,0,0,0,0,0.000481116177979857,0.00117508810944855,0,0,0,0.00211696210317314,0.000648718792945147,0,0,0,0,0,0,0,0,0,0,0,0,0,0,0,0.00274254381656647,0.00745123837259598,0.00731981999706477,0.000647668377496302,0.00117959303315729,0,0,0.000699300726410002,0.0241404540720396,0.0106595605611801,0.00180234300205484,0.00257997948210686,0.00392798683606088,0,0,0.00133511354215443,0.000672721129376441,0.00388475228101015,0,0.00440205435734242,0.00073827983578667,0,0,0,0,0,0.0103878113441169,0.000493096653372049,0.00394922430859879,0.00758902495726943,0.00191113236360252,0,0,0.00921159534482285,0.0176489125005901,0.0042067309259437,0.00145173000055365,0,0.000363438128260896,0.00273117449251004,0.00038030045107007,0.00549039151519537,0,0.000441014330135658,0.00879765429999679,0,0.00670016743242741,0.115603279788047,0.0100921455014031,0.00132538110483438,0.0276273022172973,0.0312500011059456,0,0.000340599450282753,0.00322003566543572,0.0197628460591659,0.0110230799764395,0.0176366840605624,0,0,0,0,0.00233168178237975,0.00267827254720032,0,0,0.372077031701338,0,0,0,0,0,0.00811485626036301,0,0,0,0,0.00121089810272679,0.00446428562281653,0.0162767046131194,0.00185916805639863,0.0215241428813897,0.000542740861419588,0.0137598894070834,0,0,0.00397877985960804,0.000610314309597015,0.00372439494822174,0.000835421931697056,0.00135593221057206,0.000421229982748628,0,0,0,0,0,0,0.00163755461107939,0.0156626509269699,0.105655414925423,0.00611620821291581,0.00456621014745906,0.000792236067354679,0.000742666190490127,0.000719683361239731,0,0,0,0,0,0,0.0102960104122758,0,0.0123537060571834,0.0337925655185245,0.027545232558623,0.000627943489234895,0.000682128244079649,0.000688468164298683,0.0248962661717087,0,0.000593471806496382,0.00114744692109525,0,0,0,0,0,0,0.00287935516098514,0.0212547145783901,0,0.00303030293434858,0.00155520997941494,0.0265235246624798,0,0,0,0,0,0,0.000622471212409437,0.000715307600330561,0,0,0,0,0,0,0,0,0,0,0,0,0,0,0,0,0,0,0,0,0,0,0,0,0,0,0,0,0,0,0,0,0,0,0,0,0,0,0,0,0,0,0,0,0,0.00136565382126719,0.000685871054884046,0.000550964206922799,0,0,0,0.000606060610152781,0,0,0,0,0,0,0,0,0,0,0.0122390205506235,0,0,0,0.00133096720674075,0,0,0.00408520584460348,0.0173864282551222,0,0.000254452927038074,0,0,0.000372439477359876,0,0,0,0.000830564764328301,0.000415110000176355,0,0,0.0219064539996907,0.0012836970272474,0.000717102899216115,0.00570522987982258,0.00942760903853923,0,0.000516929430887103,0.00127226463519037,0.00435875952825882,0.0103806222905405,0.00132100400514901,0,0,0.000766577257309109,0,0.00129366107285023,0,0.000699300726410002,0.0034518467145972,0.0200970196747221,0,0,0,0,0,0.0018598884344101,0,0,0,0,0,0.00068941741483286,0.00284495018422604,0,0.000606428133323789,0.00192678230814636,0.000662910169921815,0,0,0.000100295877928147,0.00648360050399788,0.00380011391825974,0.0119760477682576,0.00146520155249164,0.00792137312237173,0.00411628512665629,0,0.0104665067919996,0,0.00454410731617827,0.000367917586117983,0.00214855736703612,0.000493583444040269,0.0131157543801237,0.000491159153170884,0,0.00964727159589529,0.00179856117028976
0.000698202115017921,0.0118203309830278,0.316799991996959,0.000396196526708081,0.0166096726898104,0.0118430787697434,0.0058351568877697,0,0,0.0012210012646392,0.00219538970850408,0,0.666666630655527,0.0359897171147168,0.022087637509685,0,0.166295476257801,0.0102752291131765,0.710369483102113,0.00369685771875083,0,0,0,0,0,0,0,0,0,0,0.123848513932899,0,0,0,0,0,0,0,0,0,0,0,0,0.00157232698984444,0.00104166672099382,0.00883652432821691,0.00116279069334269,0.00148588407319039,0,0.0457516345195472,0,0,0,0,0,0,0,0,0,0,0,0,0,0,0,0,0.00170068023726344,0,0.000627155823167413,0,0,0,0.001749781309627,0,0,0,0,0,0.00165016506798565,0,0,0,0,0,0,0,0,0,0,0,0.0011428571306169,0,0,0,0,0.00148588407319039,0.00118976796511561,0,0,0,0,0,0.00926998816430569,0.00176834664307535,0,0,0.00675675692036748,0,0,0.00177777779754251,0,0.00164203613530844,0,0,0,0,0,0,0,0,0.0648967574816197,0.000915331824216992,0.00238948618061841,0,0,0,0.00122624158393592,0.00659340689890087,0.00307219661772251,0.00137268356047571,0.00125097727868706,0,0.00275330385193229,0.00368663587141782,0.00177095626713708,0.0131086143665016,0.000670690787956119,0.00075075076892972,0.0025990903377533,0,0.0269299827050418,0.202316598501056,0.0989951620576903,0,0.0340472272364423,0.324479537084699,0,0,0,0.025344762718305,0.017280813655816,0.487551892874762,0,0,0,0.00213675224222243,0.0461538475938141,0.240143368951976,0.0166251044720411,0,0,0,0,0,0,0,0.00300075020641088,0,0,0,0,0.000648508430458605,0,0.00742115033790469,0.000822368427179754,0.0331844280008227,0.00110253586899489,0.0077220075763762,0,0,0.00141118362080306,0,0.00148038484621793,0,0.000496401102282107,0,0,0,0,0,0,0,0,0,0.00743218115530908,0,0,0,0,0,0,0,0,0,0,0,0.00646725948899984,0,0.00165975105483085,0,0.00436681229621172,0,0,0,0.00195886380970478,0,0,0,0,0,0,0,0,0,0,0,0,0,0,0.00462962966412306,0,0,0,0,0,0,0,0,0,0,0,0,0,0,0,0,0,0,0,0,0,0,0,0,0,0,0,0,0,0,0,0,0,0,0,0,0,0,0,0,0,0,0,0,0,0,0,0,0,0,0,0,0,0,0,0,0,0,0,0,0,0,0,0,0,0,0,0,0,0,0,0,0,0,0,0,0,0,0.00117994099855423,0,0,0,0,0.000571591896004975,0,0,0,0,0,0,0,0.00132714002393186,0,0,0.00155763234943151,0,0,0,0,0,0.00183908047620207,0,0,0,0,0,0,0,0,0,0,0,0,0,0,0,0,0,0,0,0,0,0,0,0,0,0,0,0,0,0,0.000232099337154068,0,0.00312849169131368,0,0.0141528507811017,0.00396825419738889,0,0.00373676558956504,0,0.000242365480517037,0,0,0,0.00042680324986577,0,0,0,0
